16.8750
8.9375
5.9062
5.5417
3.8021
3.0729
3.1719
3.3438
2.3125
2.6927
2.0833
2.2250
2.9375
1.9271
2.0208
1.7708
1.8125
1.5885
1.7708
1.7292
1.5000
1.3542
1.2917
1.4062
1.7812
1.3438
1.5187
1.3646
1.6562
1.2500
1.5312
1.3958
1.3125
1.3854
1.1250
1.2917
1.2656
1.2021
1.3574
1.2875
1.3750
1.2812
1.3438
1.3125
1.3333
1.2104
1.1562
1.1250
1.1562
1.2740
1.3125
1.3438
1.2500
1.1863
1.2031
1.1437
1.1875
1.1510
1.1927
1.1458
1.2031
1.2500
1.1937
1.1875
1.3125
1.1687
1.1510
1.1458
1.3369
1.1250
1.0938
1.1458
1.1667
1.1875
1.1625
1.1562
1.1250
1.1062
1.0833
1.0938
1.0938
1.0833
1.0625
1.1667
1.1302
1.0938
1.0781
1.1094
1.1250
1.1250
1.0938
1.1875
1.1042
1.0938
1.0729
1.0938
1.0000
1.1250
1.1094
1.1354
1.0625
1.1250
1.0625
1.0833
1.1250
1.0938
1.0625
1.1042
1.0625
1.1250
1.1250
1.1094
1.1875
1.0417
1.1875
1.0000
1.0000
1.1458
1.0000
1.0833
1.0000
1.1250
1.1406
1.0000
1.0938
1.1875
1.1875
1.0625
1.1250
1.0625
1.1302
1.0417
1.0938
1.0875
1.0312
1.0938
1.0625
1.0625
1.0625
1.0625
1.0938
1.0938
1.0625
1.0000
1.1250
1.0813
1.0885
1.0625
1.0625
1.1875
1.0938
1.0312
1.0000
1.0625
1.0417
1.0000
1.1042
1.0312
1.0417
1.0312
1.0625
1.0938
1.0625
1.0938
1.0625
1.0000
1.0312
1.0000
1.0000
1.1042
1.1250
1.1000
1.0625
1.0625
1.0625
1.0000
1.0312
1.0625
1.0312
1.0781
1.0625
1.0833
1.0625
1.0625
1.0312
1.0625
1.0625
1.0312
1.0729
1.0312
1.0000
1.0312
1.0000
1.0625
1.0417
1.0000
1.0312
1.0312
1.0417
1.0625
1.0000
1.0000
1.0000
1.0625
1.0417
1.0000
1.0938
1.0000
1.0625
1.0625
1.0625
1.0312
1.0000
1.0000
1.0885
1.0625
1.0000
1.0000
1.0312
1.0000
1.0312
1.0312
1.0000
1.0625
1.0625
1.0625
1.0312
1.0000
1.0000
1.0000
1.0417
1.0000
1.0938
1.0312
1.0625
1.0625
1.0000
1.0000
1.0417
1.0000
1.0625
1.0312
1.0625
1.0312
1.0000
1.0000
1.0312
1.0000
1.0625
1.0625
1.0000
1.0938
1.0312
1.0000
1.0312
1.0625
1.0625
1.0417
1.0729
1.0000
1.0000
1.0000
1.0000
1.0625
1.0625
1.0938
1.0000
1.0417
1.0312
1.0938
1.0312
1.0625
1.0417
1.0417
1.0000
1.0625
1.0417
1.0417
1.0625
1.0417
1.0000
1.0417
1.0312
1.0625
1.0625
1.0000
1.0000
1.0000
1.0625
1.0000
1.0625
1.0000
1.0833
1.0312
1.0312
1.0000
1.0625
1.0625
1.0625
1.0000
1.0312
1.0312
1.0000
1.0625
1.0000
1.0312
1.0000
1.0312
1.0000
1.0000
1.0000
1.0625
1.0312
1.0625
1.0417
1.0000
1.0000
1.0000
1.0000
1.0000
1.0312
1.0417
1.1250
1.0312
1.0729
1.0312
1.0000
1.0417
1.0000
1.0000
1.0312
1.0000
1.0312
1.0000
1.0312
1.0625
1.0000
1.0625
1.0312
1.0000
1.0312
1.0000
1.0312
1.0000
1.0417
1.0312
1.0000
1.0000
1.0312
1.0312
1.0417
1.0000
1.0000
1.0312
1.0000
1.0312
1.0417
1.0000
1.0312
1.0312
1.0000
1.0312
1.0000
1.0312
1.0000
1.0417
1.0000
1.0625
1.0000
1.0312
1.0000
1.0312
1.0000
1.0000
1.0625
1.0000
1.0312
1.0312
1.0000
1.0000
1.0417
1.0625
1.0312
1.0000
1.0312
1.0000
1.0000
1.0000
1.0000
1.0000
1.0000
1.0625
1.0417
1.0000
1.0625
1.0000
1.0312
1.0000
1.0000
1.0625
1.0000
1.0000
1.0312
1.0000
1.0000
1.0000
1.0000
1.0312
1.0000
1.0000
1.0000
1.0417
1.0000
1.0000
1.0312
1.0000
1.0000
1.0000
1.0312
1.0312
1.0000
1.0000
1.0417
1.0312
1.0312
1.0000
1.0000
1.0000
1.0417
1.0000
1.1250
1.0000
1.0417
1.0000
1.0000
1.0000
1.0417
1.0000
1.0000
1.0312
1.0000
1.0312
1.0000
1.0000
1.0312
1.0000
1.0625
1.0312
1.0625
1.0000
1.0000
1.0000
1.0000
1.0625
1.0000
1.0000
1.0000
1.0000
1.0625
1.0417
1.0000
1.0000
1.0000
1.0000
1.0000
1.0312
1.0625
1.0000
1.0312
1.0625
1.0312
1.0000
1.0000
1.0000
1.0000
1.0000
1.0000
1.0625
1.0000
1.0000
1.0000
1.0312
1.0000
1.0417
1.0000
1.0000
1.0000
1.0000
1.0000
1.0000
1.0312
1.0000
1.0625
1.0312
1.0417
1.0312
1.0000
1.0000
1.0000
1.0625
1.0000
1.0000
1.0000
1.0312
1.0000
1.0312
1.0000
1.0000
1.0000
1.0625
1.0000
1.0000
1.0000
1.0000
1.0000
1.0000
1.0417
1.0000
1.0000
1.0000
1.0729
1.0312
1.0000
1.0000
1.0417
1.0729
1.0000
1.0000
1.0312
1.0000
1.0000
1.0000
1.0000
1.0938
1.0417
1.0000
1.0000
1.0000
1.0312
1.0000
1.0000
1.0000
1.0000
1.0000
1.0000
1.0000
1.0312
1.0000
1.0000
1.0000
1.0312
1.0000
1.0312
1.0312
1.0312
1.0312
1.0000
1.0312
1.0000
1.0312
1.0000
1.0625
1.0000
1.0312
1.0625
1.0000
1.0000
1.0000
1.0312
1.0000
1.0312
1.0000
1.0000
1.0312
1.1250
1.0000
1.0000
1.0312
1.0312
1.0000
1.0312
1.0000
1.0000
1.0000
1.1042
1.0000
1.0000
1.0000
1.0312
1.0000
1.0312
1.0000
1.0312
1.0625
1.0000
1.0000
1.0000
1.0312
1.0312
1.0000
1.0000
1.0312
1.0000
1.0417
1.0312
1.0000
1.0000
1.0000
1.0000
1.0000
1.0417
1.0000
1.0000
1.0000
1.0000
1.0000
1.0000
1.0000
1.0000
1.0000
1.0000
1.0417
1.0000
1.0000
1.0312
1.0000
1.0625
1.0625
1.0312
1.0000
1.0000
1.0000
1.0000
1.0000
1.0625
1.0000
1.0000
1.0000
1.0000
1.0000
1.0000
1.0000
1.0000
1.0000
1.0000
1.0000
1.0000
1.0000
1.0000
1.0000
1.0312
1.0000
1.0000
1.0000
1.0000
1.0312
1.0000
1.0312
1.0000
1.0417
1.0000
1.0625
1.0312
1.0000
1.0000
1.0000
1.0000
1.0000
1.0312
1.0000
1.0000
1.0000
1.0000
1.0000
1.0312
1.0000
1.0000
1.0417
1.0312
1.0000
1.0000
1.0312
1.0000
1.0312
1.0000
1.0000
1.0000
1.0000
1.0000
1.0000
1.0000
1.0000
1.0000
1.0000
1.0000
1.0000
1.0000
1.0000
1.0000
1.0000
1.0312
1.0000
1.0000
1.0000
1.0000
1.0000
1.0000
1.0573
1.0000
1.0000
1.0000
1.0000
1.0000
1.0312
1.0000
1.0000
1.0000
1.0000
1.0000
1.0000
1.0000
1.0000
1.0417
1.0000
1.0417
1.0000
1.0000
1.0312
1.0000
1.0000
1.0312
1.0000
1.0000
1.0312
1.0000
1.0000
1.0000
1.0000
1.0000
1.0000
1.0000
1.0000
1.0000
1.0312
1.0000
1.0000
1.0312
1.0000
1.0000
1.0000
1.0625
1.0000
1.0625
1.0000
1.0312
1.0000
1.0000
1.0000
1.0000
1.0000
1.0000
1.0000
1.0000
1.0000
1.0000
1.0000
1.0000
1.0000
1.0000
1.0000
1.0312
1.0312
1.0000
1.0000
1.0000
1.0625
1.0417
1.0312
1.0000
1.0000
1.0000
1.0000
1.0000
1.0000
1.0312
1.0312
1.0000
1.0000
1.0000
1.0000
1.0312
1.0000
1.0000
1.0000
1.0000
1.0000
1.0312
1.0000
1.0000
1.0000
1.0000
1.0000
1.0000
1.0000
1.0000
1.0000
1.0000
1.0000
1.0000
1.0000
1.0000
1.0000
1.0000
1.0000
1.0000
1.0000
1.0000
1.0000
1.0000
1.0312
1.0000
1.0573
1.0312
1.0312
1.0000
1.0000
1.0000
1.0000
1.0000
1.0312
1.0000
1.0000
1.0312
1.0000
1.0000
1.0000
1.0312
1.0312
1.0000
1.0000
1.0000
1.0000
1.0000
1.0000
1.0000
1.0000
1.0000
1.0000
1.0000
1.0000
1.0000
1.0000
1.0312
1.0000
1.0312
1.0000
1.0000
1.0417
1.0000
1.0312
1.0000
1.0312
1.0000
1.0000
1.0000
1.0000
1.0000
1.0000
1.0000
1.0000
1.0000
1.0000
1.0000
1.0000
1.0000
1.0000
1.0000
1.0000
1.0000
1.0000
1.0000
1.0312
1.0000
1.0000
1.0000
1.0000
1.0312
1.0000
1.0312
1.0938
1.0000
1.0000
1.0000
1.0625
1.0000
1.0000
1.0000
1.0000
1.0000
1.0312
1.0000
1.0000
1.0000
1.0000
1.0000
1.0000
1.0000
1.0625
1.0000
1.0000
1.0000
1.0000
1.0000
1.0000
1.0000
1.0000
1.0000
1.0000
1.0000
1.0000
1.0000
1.0000
1.0312
1.0000
1.0000
1.0000
1.0000
1.0000
1.0573
1.0000
1.0312
1.0000
1.0312
1.0000
1.0312
1.0000
1.0000
1.0312
1.0000
1.0000
1.0312
1.0000
1.0000
1.0312
1.0000
1.0312
1.0000
1.0000
1.0000
1.0000
1.0000
1.0000
1.0000
1.0000
1.0000
1.0000
1.0000
1.0000
1.0000
1.0000
1.0000
1.0000
1.0312
1.0000
1.0000
1.0000
1.0000
1.0000
1.0312
1.0000
1.0000
1.0000
1.0000
1.0000
1.0000
1.0312
1.0000
1.0000
1.0000
1.0000
1.0000
1.0000
1.0000
1.0000
1.0000
1.0417
1.0000
1.0000
1.0312
1.0000
1.0000
1.0000
1.0000
1.0625
1.0000
1.0000
1.0000
1.0000
1.0000
1.0000
1.0000
1.0000
1.0417
1.0312
1.0000
1.0312
1.0000
1.0000
1.0312
1.0000
1.0000
1.0000
1.0000
1.0000
1.0000
1.0000
1.0000
1.0000
1.0312
1.0000
1.0000
1.0000
1.0000
1.0000
1.0000
1.0312
1.0000
1.0000
1.0000
1.0000
1.0000
1.0000
1.0000
1.0000
1.0000
1.0000
1.0000
1.0000
1.0417
1.0000
1.0000
1.0000
1.0000
1.0000
1.0000
1.0000
1.0312
1.0312
1.0000
1.0312
1.0000
1.0000
1.0000
1.0000
1.0000
1.0000
1.0000
1.0312
1.0000
1.0312
1.0000
1.0000
1.0000
1.0312
1.0000
1.0000
1.0000
1.0000
1.0000
1.0000
1.0000
1.0000
1.0000
1.0000
1.0000
1.0000
1.0000
1.0312
1.0000
1.0312
1.0000
1.0000
1.0312
1.0000
1.0000
1.0000
1.0000
1.0000
1.0000
1.0000
1.0312
1.0000
1.0000
1.0417
1.0000
1.0312
1.0000
1.0000
1.0000
1.0625
1.0000
1.0000
1.0312
1.0625
1.0000
1.0000
1.0000
1.0000
1.0000
1.0000
1.0312
1.0000
1.0312
1.0000
1.0000
1.0000
1.0312
1.0000
1.0000
1.0312
1.0312
1.0000
1.0000
1.0000
1.0000
1.0312
1.0000
1.0625
1.0000
1.0000
1.0312
1.0000
1.0000
1.0312
1.0312
1.0000
1.0000
1.0000
1.0000
1.0312
1.0000
1.0000
1.0000
1.0000
1.0000
1.0000
1.0000
1.0000
1.0000
1.0417
1.0000
1.0417
1.0000
1.0000
1.0000
1.0000
1.0312
1.0000
1.0000
1.0000
1.0000
1.0312
1.0000
1.0000
1.0000
1.0000
1.0000
1.0000
1.0000
1.0312
1.0312
1.0000
1.0000
1.0000
1.0000
1.0312
1.0000
1.0000
1.0000
1.0312
1.0000
1.0000
1.0000
1.0000
1.0312
1.0000
1.0000
1.0000
1.0312
1.0000
1.0312
1.0312
1.0000
1.0000
1.0000
1.0000
1.0000
1.0000
1.0312
1.0312
1.0000
1.0000
1.0000
1.0000
1.0000
1.0312
1.0000
1.0000
1.0000
1.0312
1.0000
1.0000
1.0000
1.0312
1.0000
1.0000
1.0000
1.0000
1.0000
1.0312
1.0000
1.0000
1.0000
1.0000
1.0000
1.0000
1.0312
1.0000
1.0000
1.0000
1.0000
1.0312
1.0000
1.0000
1.0000
1.0312
1.0625
1.0000
1.0000
1.0000
1.0000
1.0312
1.0000
1.0000
1.0000
1.0000
1.0000
1.0000
1.0000
1.0000
1.0000
1.0000
1.0000
1.0312
1.0000
1.0000
1.0000
1.0000
1.0000
1.0312
1.0000
1.0000
1.0000
1.0000
1.0000
1.0000
1.0312
1.0000
1.0000
1.0000
1.0000
1.0000
1.0000
1.0000
1.0000
1.0000
1.0000
1.0000
1.0312
1.0312
1.0000
1.0000
1.0000
1.0000
1.0625
1.0000
1.0000
1.0000
1.0000
1.0000
1.0000
1.0417
1.0000
1.0000
1.0000
1.0000
1.0000
1.0000
1.0312
1.0000
1.0312
1.0000
1.0312
1.0000
1.0000
1.0000
1.0000
1.0000
1.0000
1.0000
1.0000
1.0000
1.0000
1.0000
1.0000
1.0000
1.0000
1.0312
1.0312
1.0000
1.0000
1.0312
1.0000
1.0000
1.0000
1.0000
1.0000
1.0000
1.0312
1.0000
1.0000
1.0312
1.0000
1.0000
1.0000
1.0000
1.0000
1.0000
1.0000
1.0000
1.0000
1.0312
1.0000
1.0000
1.0000
1.0000
1.0000
1.0000
1.0000
1.0000
1.0000
1.0000
1.0000
1.0000
1.0000
1.0000
1.0000
1.0000
1.0000
1.0312
1.0312
1.0000
1.0000
1.0000
1.0000
1.0000
1.0312
1.0000
1.0000
1.0000
1.0000
1.0000
1.0000
1.0000
1.0000
1.0000
1.0000
1.0000
1.0000
1.0312
1.0000
1.0000
1.0000
1.0000
1.0000
1.0000
1.0417
1.0000
1.0000
1.0000
1.0000
1.0312
1.0312
1.0000
1.0000
1.0000
1.0000
1.0000
1.0000
1.0000
1.0000
1.0000
1.0000
1.0000
1.0312
1.0000
1.0000
1.0312
1.0000
1.0000
1.0000
1.0000
1.0000
1.0000
1.0000
1.0000
1.0312
1.0000
1.0000
1.0000
1.0000
1.0000
1.0000
1.0000
1.0000
1.0000
1.0312
1.0312
1.0000
1.0312
1.0000
1.0000
1.0000
1.0000
1.0000
1.0000
1.0000
1.0625
1.0000
1.0000
1.0312
1.0000
1.0000
1.0000
1.0000
1.0000
1.0000
1.0000
1.0000
1.0000
1.0000
1.0000
1.0000
1.0000
1.0000
1.0000
1.0000
1.0000
1.0000
1.0000
1.0000
1.0312
1.0000
1.0000
1.0000
1.0000
1.0000
1.0000
1.0000
1.0000
1.0000
1.0000
1.0000
1.0000
1.0000
1.0000
1.0000
1.0312
1.0000
1.0000
1.0000
1.0000
1.0000
1.0000
1.0000
1.0000
1.0312
1.0000
1.0000
1.0000
1.0000
1.0000
1.0000
1.0000
1.0000
1.0000
1.0000
1.0000
1.0000
1.0000
1.0312
1.0000
1.0312
1.0312
1.0000
1.0000
1.0000
1.0312
1.0000
1.0000
1.0000
1.0000
1.0000
1.0000
1.0000
1.0000
1.0000
1.0000
1.0000
1.0000
1.0000
1.0000
1.0000
1.0000
1.0000
1.0000
1.0000
1.0000
1.0000
1.0000
1.0000
1.0000
1.0000
1.0000
1.0312
1.0000
1.0000
1.0000
1.0000
1.0000
1.0000
1.0000
1.0312
1.0000
1.0000
1.0312
1.0000
1.0000
1.0000
1.0312
1.0312
1.0000
1.0000
1.0000
1.0000
1.0000
1.0312
1.0000
1.0000
1.0312
1.0000
1.0000
1.0000
1.0000
1.0000
1.0000
1.0312
1.0000
1.0000
1.0000
1.0000
1.0000
1.0000
1.0312
1.0000
1.0000
1.0000
1.0000
1.0000
1.0000
1.0312
1.0000
1.0000
1.0000
1.0000
1.0000
1.0000
1.0000
1.0000
1.0000
1.0312
1.0000
1.0000
1.0000
1.0000
1.0000
1.0000
1.0000
1.0000
1.0000
1.0312
1.0625
1.0312
1.0000
1.0000
1.0312
1.0312
1.0000
1.0000
1.0000
1.0000
1.0000
1.0000
1.0000
1.0000
1.0000
1.0000
1.0000
1.0000
1.0000
1.0000
1.0000
1.0000
1.0000
1.0000
1.0000
1.0000
1.0000
1.0000
1.0000
1.0000
1.0000
1.0000
1.0000
1.0000
1.0000
1.0312
1.0000
1.0312
1.0000
1.0000
1.0000
1.0000
1.0000
1.0000
1.0000
1.0000
1.0000
1.0000
1.0312
1.0000
1.0000
1.0000
1.0000
1.0000
1.0312
1.0000
1.0000
1.0000
1.0312
1.0000
1.0000
1.0000
1.0000
1.0000
1.0000
1.0000
1.0000
1.0000
1.0000
1.0000
1.0625
1.0000
1.0000
1.0000
1.0000
1.0000
1.0000
1.0000
1.0000
1.0000
1.0000
1.0000
1.0000
1.0000
1.0000
1.0000
1.0312
1.0000
1.0000
1.0000
1.0000
1.0000
1.0000
1.0000
1.0000
1.0000
1.0000
1.0000
1.0000
1.0312
1.0000
1.0000
1.0000
1.0000
1.0000
1.0000
1.0000
1.0000
1.0000
1.0000
1.0312
1.0000
1.0000
1.0000
1.0000
1.0000
1.0000
1.0000
1.0000
1.0312
1.0417
1.0000
1.0625
1.0000
1.0000
1.0000
1.0000
1.0000
1.0000
1.0000
1.0312
1.0000
1.0000
1.0000
1.0000
1.0000
1.0000
1.0000
1.0000
1.0000
1.0000
1.0000
1.0000
1.0000
1.0312
1.0312
1.0000
1.0000
1.0312
1.0000
1.0000
1.0000
1.0000
1.0000
1.0000
1.0000
1.0000
1.0000
1.0000
1.0312
1.0000
1.0000
1.0000
1.0312
1.0000
1.0000
1.0000
1.0000
1.0000
1.0000
1.0000
1.0000
1.0312
1.0000
1.0000
1.0000
1.0000
1.0312
1.0000
1.0000
1.0000
1.0000
1.0000
1.0000
1.0000
1.0000
1.0000
1.0000
1.0000
1.0000
1.0000
1.0000
1.0312
1.0000
1.0000
1.0000
1.0000
1.0312
1.0000
1.0000
1.0000
1.0000
1.0000
1.0000
1.0312
1.0000
1.0000
1.0000
1.0000
1.0000
1.0000
1.0000
1.0000
1.0000
1.0000
1.0312
1.0000
1.0000
1.0000
1.0000
1.0000
1.0000
1.0000
1.0000
1.0000
1.0000
1.0000
1.0000
1.0000
1.0000
1.0000
1.0000
1.0000
1.0000
1.0000
1.0000
1.0000
1.0417
1.0000
1.0000
1.0000
1.0000
1.0312
1.0312
1.0000
1.0000
1.0312
1.0000
1.0312
1.0000
1.0417
1.0000
1.0312
1.0000
1.0312
1.0000
1.0000
1.0312
1.0000
1.0000
1.0000
1.0000
1.0000
1.0000
1.0000
1.0312
1.0000
1.0000
1.0000
1.0000
1.0000
1.0000
1.0000
1.0000
1.0000
1.0000
1.0000
1.0000
1.0000
1.0000
1.0000
1.0000
1.0000
1.0000
1.0312
1.0000
1.0000
1.0000
1.0000
1.0312
1.0000
1.0000
1.0312
1.0000
1.0000
1.0000
1.0000
1.0000
1.0000
1.0000
1.0312
1.0000
1.0000
1.0000
1.0000
1.0312
1.0000
1.0000
1.0000
1.0000
1.0000
1.0000
1.0000
1.0000
1.0000
1.0000
1.0312
1.0000
1.0000
1.0000
1.0000
1.0312
1.0000
1.0000
1.0000
1.0417
1.0000
1.0000
1.0000
1.0000
1.0312
1.0000
1.0000
1.0000
1.0000
1.0000
1.0000
1.0000
1.0000
1.0000
1.0000
1.0000
1.0000
1.0312
1.0000
1.0000
1.0000
1.0312
1.0000
1.0000
1.0000
1.0000
1.0000
1.0000
1.0000
1.0000
1.0000
1.0000
1.0000
1.0000
1.0312
1.0000
1.0000
1.0000
1.0000
1.0312
1.0000
1.0000
1.0000
1.0000
1.0000
1.0000
1.0000
1.0000
1.0000
1.0000
1.0000
1.0000
1.0000
1.0000
1.0000
1.0000
1.0000
1.0000
1.0000
1.0000
1.0000
1.0000
1.0000
1.0000
1.0000
1.0312
1.0000
1.0000
1.0000
1.0000
1.0000
1.0000
1.0000
1.0000
1.0000
1.0312
1.0000
1.0000
1.0000
1.0000
1.0000
1.0000
1.0000
1.0000
1.0312
1.0000
1.0000
1.0000
1.0000
1.0000
1.0000
1.0000
1.0000
1.0000
1.0000
1.0000
1.0000
1.0417
1.0000
1.0000
1.0000
1.0000
1.0000
1.0000
1.0000
1.0000
1.0000
1.0000
1.0312
1.0000
1.0000
1.0000
1.0000
1.0000
1.0312
1.0000
1.0000
1.0000
1.0000
1.0000
