32.0000
17.2188
11.9583
9.4062
7.3958
6.4167
5.2135
4.9036
4.3750
4.0812
4.6031
3.7083
3.0208
2.9583
3.3286
2.9844
2.5179
2.5729
2.7396
2.4167
2.4531
2.6156
1.9531
2.4167
2.2500
2.1531
2.0401
1.9167
2.0625
1.9688
1.7188
1.6589
1.8333
1.7563
1.8438
1.8646
1.6250
1.6656
1.5833
1.6125
1.5422
1.5521
1.6563
1.6563
1.6250
1.5760
1.5250
1.6068
1.7917
1.4479
1.4271
1.4969
1.4375
1.4635
1.3750
1.7865
1.4375
1.5938
1.3542
1.3281
1.3125
1.1875
1.3562
1.4271
1.2995
1.1719
1.4219
1.4375
1.3000
1.3438
1.2812
1.3750
1.2969
1.2474
1.3906
1.4000
1.3750
1.3542
1.5156
1.5469
1.3094
1.5469
1.2604
1.2396
1.3750
1.1875
1.3438
1.3438
1.2812
1.3281
1.1875
1.2969
1.2906
1.2500
1.2604
1.2318
1.2188
1.1927
1.1979
1.1979
1.2188
1.1667
1.3062
1.2031
1.3125
1.2500
1.1719
1.1875
1.1875
1.1656
1.2396
1.1250
1.2708
1.2188
1.1750
1.2656
1.4062
1.2188
1.1875
1.1771
1.2500
1.1250
1.2188
1.1875
1.1562
1.1875
1.1250
1.1250
1.1458
1.2188
1.1250
1.2188
1.1875
1.1250
1.2083
1.1667
1.1771
1.2781
1.2083
1.2031
1.2188
1.1250
1.1938
1.1250
1.1667
1.1875
1.1875
1.1693
1.2500
1.2344
1.0781
1.1875
1.2500
1.1562
1.1562
1.0938
1.1120
1.1562
1.1562
1.1562
1.1250
1.2188
1.1094
1.1250
1.1875
1.1562
1.0938
1.1146
1.1094
1.1719
1.1375
1.1354
1.0938
1.1719
1.1250
1.1562
1.1094
1.0625
1.1875
1.2500
1.1042
1.1458
1.1042
1.1875
1.1328
1.1562
1.2500
1.1719
1.0312
1.1094
1.0781
1.0625
1.2031
1.1250
1.1406
1.1406
1.1667
1.0938
1.1875
1.1875
1.0938
1.1562
1.1562
1.1094
1.0938
1.0781
1.1250
1.0729
1.0625
1.1562
1.1250
1.0312
1.0781
1.1562
1.0938
1.1250
1.0833
1.1250
1.0938
1.1250
1.1484
1.0875
1.1198
1.0625
1.1042
1.0833
1.1250
1.0938
1.0781
1.1875
1.1250
1.0625
1.1094
1.0781
1.1719
1.1146
1.0625
1.0938
1.0703
1.0625
1.0938
1.0625
1.0781
1.0938
1.1250
1.0833
1.0625
1.0938
1.0833
1.0781
1.0938
1.0964
1.1146
1.0938
1.1250
1.0781
1.0938
1.0625
1.1250
1.0781
1.0938
1.0625
1.0781
1.0833
1.0521
1.0938
1.0833
1.0938
1.0469
1.1562
1.1094
1.0625
1.0833
1.0625
1.0625
1.0000
1.0938
1.0625
1.0000
1.0312
1.0938
1.0521
1.0938
1.0625
1.0625
1.0625
1.0625
1.0833
1.0625
1.0625
1.0938
1.1562
1.0938
1.1250
1.0521
1.0469
1.0625
1.1250
1.0625
1.1562
1.0938
1.0625
1.0469
1.0938
1.0312
1.0781
1.1250
1.0781
1.0625
1.1146
1.0938
1.0000
1.1042
1.0625
1.2500
1.0625
1.0625
1.1250
1.0000
1.0781
1.0469
1.0312
1.0312
1.0938
1.0625
1.0312
1.0625
1.0625
1.0781
1.0938
1.0312
1.0859
1.1250
1.0938
1.0625
1.0469
1.0938
1.0625
1.0781
1.0938
1.0521
1.0833
1.0312
1.0938
1.0417
1.0938
1.0000
1.0781
1.0312
1.0312
1.0312
1.0312
1.0625
1.0625
1.0312
1.0781
1.0312
1.0312
1.1042
1.0000
1.0312
1.0469
1.0625
1.0938
1.0625
1.0312
1.0938
1.0625
1.0000
1.0938
1.0781
1.0938
1.0625
1.0625
1.0625
1.0000
1.0729
1.0000
1.0729
1.0938
1.1354
1.0625
1.0469
1.0625
1.0938
1.0312
1.0312
1.0000
1.0417
1.0521
1.0312
1.0938
1.0938
1.0000
1.0312
1.0312
1.0833
1.0938
1.0625
1.0625
1.0938
1.0938
1.1354
1.0312
1.0312
1.0625
1.0312
1.0625
1.0625
1.0625
1.0312
1.0521
1.0833
1.0938
1.0000
1.0938
1.1250
1.0625
1.0625
1.0521
1.0938
1.0625
1.0625
1.0312
1.0938
1.0625
1.0599
1.0312
1.0312
1.0312
1.0625
1.0938
1.0625
1.0312
1.0469
1.0312
1.0312
1.0417
1.0312
1.0312
1.0312
1.0521
1.0625
1.0000
1.0625
1.0312
1.0625
1.0625
1.0625
1.0312
1.0312
1.0000
1.0312
1.0625
1.0312
1.0000
1.0469
1.0469
1.0312
1.0938
1.0938
1.0312
1.0625
1.0312
1.0312
1.0000
1.0312
1.0000
1.0625
1.0781
1.0625
1.0625
1.0312
1.0312
1.0000
1.0417
1.0625
1.0000
1.0312
1.0625
1.0625
1.0312
1.0312
1.0312
1.1562
1.0312
1.0625
1.0000
1.0625
1.0469
1.0625
1.0938
1.0625
1.0938
1.0625
1.0938
1.0938
1.0312
1.0625
1.0000
1.0312
1.0938
1.0625
1.0000
1.0000
1.0625
1.0000
1.0312
1.0312
1.0312
1.0000
1.0625
1.0312
1.0938
1.0312
1.0938
1.0781
1.0312
1.0312
1.0312
1.0781
1.0625
1.0729
1.0312
1.0938
1.0312
1.0312
1.0417
1.0625
1.0312
1.0000
1.0000
1.0469
1.0938
1.0312
1.0625
1.0312
1.0312
1.0625
1.0000
1.0000
1.0312
1.0781
1.0521
1.0625
1.0312
1.0312
1.0312
1.0625
1.0312
1.0521
1.0312
1.0625
1.0312
1.0312
1.0312
1.0312
1.0938
1.0312
1.0000
1.0312
1.0625
1.0625
1.0469
1.0312
1.0312
1.0000
1.0625
1.0625
1.0312
1.0000
1.0312
1.0000
1.0312
1.0000
1.0312
1.0312
1.0312
1.0000
1.1250
1.0312
1.0312
1.0000
1.0938
1.0625
1.0000
1.0312
1.0312
1.0469
1.0000
1.0625
1.0312
1.0625
1.0625
1.0000
1.0469
1.0312
1.0000
1.0938
1.0938
1.0000
1.0312
1.0312
1.0312
1.0625
1.0312
1.0625
1.0312
1.0312
1.0938
1.0312
1.0625
1.0000
1.0312
1.0312
1.0312
1.0625
1.0625
1.0000
1.0312
1.0312
1.0625
1.0625
1.0417
1.0312
1.0312
1.0625
1.0312
1.0000
1.0312
1.0312
1.0000
1.0000
1.0312
1.0417
1.0625
1.0312
1.0000
1.0312
1.0417
1.0469
1.0312
1.0312
1.0312
1.0625
1.0625
1.0312
1.0417
1.0469
1.0312
1.0312
1.0312
1.0312
1.0625
1.0312
1.0312
1.0312
1.0312
1.0000
1.0625
1.0312
1.0312
1.0312
1.0312
1.0312
1.0000
1.0312
1.0312
1.0625
1.0781
1.0625
1.0000
1.0625
1.0312
1.0417
1.1250
1.0312
1.0000
1.0312
1.0312
1.0312
1.0833
1.0000
1.0000
1.0000
1.0000
1.0312
1.0000
1.0000
1.0312
1.0000
1.0625
1.0000
1.0312
1.0312
1.0417
1.0312
1.0312
1.0000
1.0000
1.0000
1.0312
1.0000
1.0312
1.0312
1.0312
1.0000
1.0000
1.0312
1.0000
1.0312
1.0312
1.0312
1.0312
1.0625
1.0625
1.0312
1.0312
1.0000
1.0312
1.0312
1.0000
1.0000
1.0000
1.0000
1.0000
1.0000
1.0312
1.0000
1.0000
1.0625
1.0312
1.0781
1.0312
1.0312
1.0000
1.0312
1.0000
1.0000
1.0312
1.0312
1.0000
1.0000
1.0000
1.0312
1.0625
1.0312
1.0312
1.0469
1.0312
1.0312
1.0312
1.0312
1.0312
1.0312
1.0469
1.0000
1.0625
1.0312
1.0312
1.0000
1.0000
1.0312
1.0312
1.0312
1.0625
1.0312
1.0000
1.0312
1.0312
1.0000
1.0312
1.0000
1.0312
1.0312
1.0312
1.0000
1.0312
1.0000
1.0000
1.0000
1.0469
1.0312
1.0000
1.0312
1.0312
1.0312
1.0625
1.0312
1.0625
1.0625
1.0312
1.0469
1.0312
1.0000
1.0312
1.0000
1.0625
1.0312
1.0312
1.0312
1.0312
1.0312
1.0312
1.1250
1.0000
1.0312
1.0000
1.0312
1.0312
1.0312
1.0000
1.0000
1.0312
1.0312
1.0000
1.0312
1.0312
1.0469
1.1562
1.0312
1.0312
1.0312
1.0312
1.0312
1.0312
1.0000
1.0000
1.0312
1.0469
1.0000
1.0625
1.0625
1.0312
1.0000
1.0000
1.0625
1.0312
1.0312
1.0312
1.0312
1.0417
1.0312
1.0417
1.0000
1.0938
1.0312
1.0312
1.0312
1.0000
1.0000
1.0312
1.0000
1.0312
1.0625
1.0000
1.0000
1.0000
1.0000
1.0312
1.0312
1.0000
1.0000
1.0312
1.0000
1.0312
1.0312
1.0312
1.0417
1.0312
1.0312
1.0000
1.0312
1.0312
1.0000
1.0312
1.0000
1.0625
1.0000
1.0000
1.0312
1.0312
1.0312
1.0000
1.0312
1.0000
1.0312
1.0417
1.0000
1.0625
1.0312
1.0312
1.0312
1.0312
1.0312
1.0000
1.0312
1.0312
1.0312
1.0000
1.0469
1.0312
1.0000
1.0312
1.0312
1.0000
1.0000
1.0312
1.0000
1.0000
1.0625
1.0312
1.0000
1.0938
1.0312
1.0312
1.0625
1.0312
1.0625
1.0000
1.0312
1.0000
1.0312
1.0938
1.0312
1.0469
1.0312
1.0312
1.0312
1.0000
1.0000
1.0312
1.0312
1.0000
1.0625
1.0312
1.0000
1.0625
1.0000
1.0000
1.0312
1.0312
1.0312
1.0312
1.0417
1.0312
1.0312
1.0312
1.0312
1.0312
1.0625
1.0312
1.0312
1.0000
1.0312
1.0312
1.0000
1.0625
1.0312
1.0312
1.0312
1.0312
1.0417
1.0625
1.0312
1.0469
1.0312
1.0000
1.0625
1.0312
1.0312
1.0312
1.0000
1.0312
1.0312
1.0000
1.0000
1.0417
1.0938
1.0469
1.0000
1.0625
1.0000
1.0312
1.0000
1.0000
1.0312
1.0312
1.0312
1.0469
1.0000
1.0000
1.0312
1.0000
1.0312
1.0312
1.0000
1.0000
1.0469
1.0625
1.0312
1.0312
1.0312
1.0312
1.0312
1.0000
1.0469
1.0000
1.0312
1.0625
1.0000
1.0000
1.0312
1.0000
1.0625
1.0312
1.0312
1.0312
1.0625
1.0000
1.0000
1.0312
1.0000
1.0312
1.0000
1.0000
1.0000
1.0312
1.0312
1.0625
1.0000
1.0000
1.0312
1.1250
1.0312
1.0312
1.0625
1.0312
1.0312
1.0312
1.0312
1.0312
1.0000
1.0625
1.0000
1.0312
1.0625
1.0312
1.0312
1.0312
1.0469
1.0000
1.0000
1.0312
1.0312
1.0469
1.0312
1.0312
1.0312
1.0312
1.0312
1.0000
1.0312
1.0312
1.0000
1.0000
1.0312
1.0312
1.0312
1.0312
1.0000
1.0000
1.0312
1.0312
1.0000
1.0469
1.0312
1.0000
1.0417
1.0312
1.0312
1.0312
1.0000
1.0625
1.0000
1.0000
1.0312
1.0000
1.0312
1.0312
1.0000
1.0000
1.0000
1.0312
1.0000
1.0625
1.0625
1.0312
1.0000
1.0625
1.0312
1.0312
1.0312
1.0000
1.0000
1.0000
1.0000
1.0312
1.0625
1.0625
1.0000
1.0312
1.0312
1.0000
1.0312
1.0312
1.0312
1.0312
1.0000
1.0000
1.0312
1.0000
1.0000
1.0000
1.1250
1.0000
1.0312
1.0312
1.0469
1.0312
1.0000
1.0469
1.0312
1.0312
1.0000
1.0312
1.0312
1.0312
1.0000
1.0000
1.0312
1.0000
1.0000
1.0938
1.0312
1.0000
1.0625
1.0312
1.0000
1.0000
1.0000
1.0000
1.0000
1.0000
1.0312
1.0312
1.0312
1.0000
1.0312
1.0312
1.0312
1.0625
1.0625
1.0312
1.0000
1.0000
1.0312
1.0312
1.0000
1.0000
1.0000
1.0312
1.0000
1.0000
1.0312
1.0469
1.0312
1.0312
1.0000
1.0312
1.0312
1.0000
1.0000
1.0000
1.0312
1.0312
1.0312
1.0000
1.0312
1.0312
1.0312
1.0000
1.0000
1.0000
1.0312
1.0312
1.0312
1.0312
1.0625
1.0000
1.0000
1.0625
1.0000
1.0625
1.0312
1.0000
1.0000
1.0000
1.0000
1.0312
1.0000
1.0469
1.0625
1.0312
1.0469
1.0312
1.0000
1.0312
1.0312
1.0000
1.0000
1.0312
1.0312
1.0312
1.0000
1.0000
1.0625
1.0312
1.0312
1.0000
1.0000
1.0000
1.0312
1.0312
1.0312
1.0000
1.0312
1.0000
1.0000
1.0312
1.0312
1.0000
1.0000
1.0000
1.0000
1.0312
1.0312
1.0000
1.0312
1.0000
1.0312
1.0625
1.0312
1.0469
1.0000
1.0625
1.0312
1.0312
1.0000
1.0625
1.0312
1.0312
1.0000
1.0000
1.0312
1.0312
1.0312
1.0000
1.0000
1.0000
1.0312
1.0000
1.0312
1.0312
1.0312
1.0000
1.0000
1.0312
1.0312
1.0000
1.0000
1.0000
1.0312
1.0000
1.0000
1.0312
1.0000
1.0312
1.0000
1.0312
1.0000
1.0625
1.0625
1.0312
1.0312
1.0000
1.0312
1.0312
1.0000
1.0000
1.0000
1.0000
1.0000
1.0000
1.0312
1.0000
1.0312
1.0312
1.0312
1.0000
1.0000
1.0000
1.0312
1.0312
1.1250
1.0000
1.0312
1.0000
1.0312
1.0469
1.0312
1.0312
1.0469
1.0312
1.0000
1.0312
1.0000
1.0312
1.0312
1.0000
1.0000
1.0000
1.0312
1.0312
1.0000
1.0000
1.0312
1.0000
1.0312
1.0000
1.0000
1.0312
1.0469
1.0000
1.0312
1.0312
1.0000
1.0312
1.0000
1.0312
1.0312
1.0312
1.0000
1.0312
1.0000
1.0312
1.0312
1.0000
1.0000
1.0000
1.0312
1.0312
1.0312
1.0312
1.0312
1.0469
1.0000
1.0312
1.0312
1.0000
1.0000
1.0000
1.0312
1.0312
1.0312
1.0000
1.0312
1.0312
1.0000
1.0312
1.0000
1.0000
1.0625
1.0312
1.0625
1.0312
1.0000
1.0312
1.0000
1.0312
1.0312
1.0000
1.0000
1.0312
1.0312
1.0000
1.0000
1.0000
1.0312
1.0000
1.0312
1.0312
1.0000
1.0312
1.0000
1.0312
1.0000
1.0000
1.0000
1.0312
1.0312
1.0312
1.0000
1.0417
1.0312
1.0469
1.0625
1.0312
1.0312
1.0312
1.0000
1.0000
1.0312
1.0000
1.0000
1.0625
1.0312
1.0938
1.0000
1.0000
1.0312
1.0312
1.0312
1.0000
1.0000
1.0312
1.0000
1.0000
1.0000
1.0312
1.0312
1.0000
1.0000
1.0312
1.0000
1.0625
1.0312
1.0312
1.0000
1.0312
1.0000
1.0000
1.0000
1.0000
1.0000
1.0312
1.0312
1.0000
1.0000
1.0000
1.0312
1.0000
1.0312
1.0312
1.0000
1.0000
1.0312
1.0312
1.0312
1.0312
1.0312
1.0625
1.0000
1.0000
1.0312
1.0312
1.0000
1.0781
1.0312
1.0312
1.0312
1.0000
1.0000
1.0000
1.0312
1.0000
1.0312
1.0000
1.0000
1.0000
1.0000
1.0312
1.0000
1.0625
1.0000
1.0312
1.0625
1.0000
1.0312
1.0000
1.0000
1.0312
1.0000
1.0312
1.0625
1.0312
1.0000
1.0312
1.0312
1.0000
1.0417
1.0312
1.0000
1.0000
1.0000
1.0312
1.0469
1.0000
1.0312
1.0312
1.0000
1.0000
1.0312
1.0000
1.0000
1.0312
1.0312
1.0000
1.0312
1.0312
1.0000
1.0000
1.0625
1.0312
1.0000
1.0000
1.0625
1.0625
1.0000
1.0000
1.0000
1.0000
1.0000
1.0312
1.0312
1.0312
1.0312
1.0312
1.0000
1.0312
1.0000
1.0000
1.0000
1.0000
1.0625
1.0312
1.0312
1.0312
1.0000
1.0312
1.0000
1.0000
1.0000
1.0312
1.0469
1.0000
1.0312
1.0312
1.0000
1.0625
1.0000
1.0312
1.0000
1.0000
1.0312
1.0417
1.0000
1.0000
1.0521
1.0000
1.0000
1.0625
1.0312
1.0000
1.0312
1.0625
1.0312
1.0312
1.0000
1.0312
1.0312
1.0312
1.0312
1.0312
1.0000
1.0312
1.0312
1.0000
1.0000
1.0000
1.0312
1.0312
1.0000
1.0312
1.0312
1.0000
1.0312
1.0000
1.0000
1.0312
1.0000
1.0312
1.0000
1.0625
1.0312
1.0312
1.0000
1.0312
1.0312
1.0000
1.0312
1.0312
1.0000
1.0000
1.0312
1.0000
1.0312
1.0312
1.0469
1.0000
1.0000
1.0000
1.0312
1.0000
1.0000
1.0000
1.0000
1.0312
1.0312
1.0000
1.0000
1.0625
1.0312
1.0000
1.0312
1.0000
1.0000
1.0312
1.0312
1.0000
1.0000
1.0000
1.0000
1.0312
1.0000
1.0312
1.0312
1.0312
1.0000
1.0000
1.0000
1.0312
1.0312
1.0000
1.0000
1.0000
1.0000
1.0312
1.0312
1.0312
1.0000
1.0312
1.0312
1.0312
1.0000
1.0000
1.0312
1.0312
1.0312
1.0000
1.0312
1.0000
1.0000
1.0312
1.0625
1.0000
1.0312
1.0312
1.0000
1.0000
1.0000
1.0417
1.0312
1.0312
1.0000
1.0000
1.0000
1.0000
1.0000
1.0000
1.0000
1.0000
1.0312
1.0312
1.0000
1.0312
1.0000
1.0000
1.0000
1.0000
1.0000
1.0000
1.0312
1.0000
1.0000
1.0000
1.0000
1.0000
1.0000
1.0312
1.0312
1.0000
1.0312
1.0312
1.0000
1.0000
1.0312
1.0000
1.0000
1.0000
1.0000
1.0000
1.0000
1.0312
1.0625
1.0312
1.0000
1.0000
1.0312
1.0000
1.0000
1.0000
1.0000
1.0312
1.0312
1.0000
1.0000
1.0000
1.0000
1.0312
1.0312
1.0000
1.0000
1.0000
1.0000
1.0000
1.0000
1.0000
1.0000
1.0312
1.0000
1.0312
1.0625
1.0625
1.0000
1.0000
1.0000
1.0312
1.0000
1.0000
1.0000
1.0000
1.0312
1.0312
1.0000
1.0312
1.0000
1.0000
1.0000
1.0000
1.0312
1.0000
1.0000
1.0312
1.0000
1.0000
1.0000
1.0000
1.0312
1.0312
1.0000
1.0312
1.0000
1.0000
1.0625
1.0312
1.0312
1.0312
1.0000
1.0000
1.0312
1.0312
1.0000
1.0000
1.0000
1.0000
1.0312
1.0312
1.0000
1.0312
1.0000
1.0000
1.0312
1.0312
1.0312
1.0000
1.0000
1.0000
1.0312
1.0000
1.0000
1.0312
1.0312
1.0000
1.0625
1.0000
1.0000
1.0000
1.0312
1.0312
1.0000
1.0625
1.0312
1.0312
1.0000
1.0000
1.0000
1.0000
1.0000
1.0312
1.0312
1.0000
1.0000
1.0312
1.0312
1.0000
1.0000
1.0312
1.0000
1.0000
1.0000
1.0312
1.0312
1.0312
1.0312
1.0312
1.0000
1.0000
1.0312
1.0000
1.0000
1.0938
1.0000
1.0312
1.0312
1.0312
1.0000
1.0000
1.0312
1.0000
1.0000
1.0417
1.0000
1.0312
1.0000
1.0312
1.0000
1.0312
1.0521
1.0312
1.0312
1.0000
1.0000
1.0000
1.0000
1.0312
1.0312
1.0000
1.0312
1.0312
1.0000
1.0000
1.0000
1.0000
1.0000
1.0000
1.0000
1.0000
1.0312
1.0000
1.0000
1.0000
1.0000
1.0000
1.0312
1.0000
1.0000
1.0000
1.0000
1.0000
1.0312
1.0000
1.0000
1.0000
1.0000
1.0000
1.0625
1.0312
1.0000
1.0000
1.0312
1.0000
1.0000
1.0312
1.0469
1.0000
1.0312
1.0000
1.0312
1.0312
1.0312
1.0000
1.0312
1.0312
1.0312
1.0000
1.0000
1.0000
1.0312
1.0000
1.0312
1.0417
1.0000
1.0000
1.0312
1.0000
1.0000
1.0000
1.0312
1.0000
1.0000
1.0312
1.0000
1.0000
1.0312
1.0312
1.0312
1.0000
1.0000
1.0312
1.0000
1.0312
1.0000
1.0312
1.0000
1.0000
1.0000
1.0469
1.0000
1.0312
1.0000
1.0312
1.0000
1.0312
1.0000
1.0000
1.0312
1.0000
1.0312
1.0312
1.0000
1.0000
1.0000
1.0312
1.0000
1.0000
1.0000
1.0000
1.0000
1.0000
1.0000
1.0000
1.0312
1.0000
1.0312
1.0312
1.0000
1.0312
1.0000
1.0000
1.0000
1.0000
1.0000
1.0312
1.0312
1.0000
1.0000
1.0312
1.0312
1.0312
1.0000
1.0312
1.0312
1.0000
1.0000
1.0000
1.0312
1.0312
1.0312
1.0000
1.0312
1.0000
1.0000
1.0312
1.0000
1.0000
1.0000
1.0312
1.0000
1.0000
1.0312
1.0000
1.0312
1.0000
1.0000
1.0312
1.0000
1.0000
1.0000
1.0000
1.0000
1.0312
1.0000
1.0000
1.0312
1.0312
1.0000
