64.0000
34.1094
23.4141
17.2188
14.3438
12.2956
10.2578
9.3438
8.3703
8.3281
6.8229
6.2578
6.0833
5.7604
4.9375
4.9792
4.4844
4.4844
4.4625
4.1107
4.2292
3.7891
3.5286
3.3103
3.5812
3.4490
3.2849
3.0859
3.1547
3.3891
2.9281
3.0219
2.7929
2.5411
2.8256
2.5250
2.6268
2.7641
2.8711
2.3620
2.4125
2.4906
2.3250
2.3229
2.1310
2.1452
2.3656
2.3464
2.0516
2.2240
2.0073
2.0013
2.2708
2.0781
1.8891
2.0307
1.9375
1.8993
1.7188
1.8719
1.7812
1.9792
1.8411
1.8281
1.9922
1.8307
1.9271
1.8125
1.8104
1.7188
1.6953
1.6563
1.6641
1.7135
1.5354
1.6771
1.6172
1.7500
1.6297
1.6458
1.6016
1.5573
1.7578
1.7188
1.5117
1.5469
1.7083
1.5781
1.6250
1.5625
1.5781
1.5667
1.5990
1.5312
1.6667
1.4323
1.4375
1.3359
1.6458
1.4089
1.4766
1.5104
1.4969
1.5365
1.5000
1.4844
1.3958
1.4219
1.4583
1.4531
1.5677
1.4609
1.4766
1.3984
1.4375
1.4167
1.4219
1.4047
1.3359
1.4271
1.4010
1.4219
1.4062
1.4453
1.3828
1.3906
1.3385
1.4609
1.4609
1.3542
1.4688
1.4323
1.4258
1.2865
1.4922
1.3797
1.3542
1.3281
1.3646
1.2839
1.3516
1.3750
1.2734
1.3594
1.4792
1.3984
1.3203
1.2656
1.3828
1.4297
1.2708
1.3164
1.4505
1.3125
1.2891
1.3750
1.3906
1.4297
1.3125
1.3385
1.2344
1.2865
1.3958
1.2500
1.2526
1.2503
1.3542
1.3750
1.3333
1.2656
1.3438
1.3750
1.3578
1.2760
1.2344
1.2513
1.2839
1.3359
1.3203
1.2969
1.3594
1.2188
1.1953
1.2344
1.2734
1.3203
1.2969
1.1797
1.2461
1.2552
1.2953
1.2500
1.1875
1.2812
1.1888
1.2292
1.2708
1.2135
1.2188
1.1953
1.3177
1.2578
1.1875
1.2617
1.3125
1.2188
1.2109
1.2500
1.1828
1.2344
1.2812
1.2448
1.2109
1.2422
1.1484
1.2031
1.2500
1.2656
1.2174
1.1719
1.2083
1.2891
1.2031
1.1719
1.1641
1.2188
1.2188
1.1641
1.2031
1.1484
1.2708
1.1953
1.2292
1.1979
1.1732
1.2891
1.2656
1.2344
1.1641
1.1875
1.2422
1.1875
1.1719
1.1719
1.1719
1.1844
1.1875
1.1562
1.2109
1.2096
1.1797
1.2240
1.2656
1.2500
1.2292
1.2656
1.1875
1.2031
1.2109
1.1562
1.2031
1.1094
1.1250
1.2812
1.1836
1.1146
1.1172
1.1458
1.1641
1.1406
1.1354
1.1563
1.2083
1.1458
1.2917
1.1979
1.1562
1.1484
1.2344
1.2344
1.2031
1.1969
1.1719
1.2500
1.2188
1.1771
1.1953
1.2031
1.1094
1.1888
1.2240
1.1875
1.1719
1.1562
1.1094
1.1484
1.1562
1.1406
1.1875
1.1719
1.1211
1.1094
1.1589
1.1615
1.1562
1.1562
1.2031
1.1727
1.1484
1.1641
1.1458
1.1771
1.1953
1.1198
1.1406
1.2188
1.1484
1.1667
1.1328
1.1875
1.1719
1.1042
1.1016
1.1042
1.1250
1.1562
1.1771
1.1406
1.0859
1.1406
1.1406
1.1797
1.0703
1.1641
1.1875
1.1563
1.1719
1.1406
1.1094
1.1328
1.1094
1.1406
1.1042
1.1042
1.1250
1.1328
1.1237
1.1250
1.1641
1.1875
1.1094
1.1250
1.1172
1.0938
1.0938
1.0938
1.1875
1.0859
1.1250
1.1562
1.1458
1.1328
1.1250
1.1484
1.1250
1.1688
1.1094
1.0938
1.0990
1.1719
1.0938
1.0990
1.0938
1.0859
1.1328
1.1562
1.1484
1.0938
1.1094
1.1094
1.1250
1.1719
1.1823
1.0469
1.0938
1.1354
1.1406
1.1016
1.1146
1.1797
1.1328
1.0938
1.1315
1.1315
1.1719
1.1562
1.1250
1.0781
1.0625
1.0781
1.1094
1.1250
1.0964
1.1875
1.0938
1.1016
1.1406
1.1706
1.0990
1.1562
1.1615
1.1562
1.1484
1.0625
1.1094
1.1562
1.1641
1.1094
1.1250
1.1250
1.1250
1.0938
1.0938
1.2031
1.1094
1.1042
1.1094
1.1328
1.0859
1.0781
1.1141
1.1250
1.1094
1.1003
1.1562
1.0937
1.1510
1.1328
1.1094
1.0703
1.0938
1.0938
1.0938
1.1523
1.1094
1.0938
1.1094
1.1406
1.0938
1.1250
1.1094
1.1719
1.1094
1.1562
1.1094
1.0781
1.1302
1.1406
1.0938
1.0938
1.1719
1.0781
1.1094
1.0938
1.1198
1.1302
1.2109
1.1094
1.1094
1.0469
1.1250
1.0938
1.0625
1.0781
1.0312
1.1094
1.1406
1.1094
1.1016
1.0859
1.0469
1.1094
1.1562
1.0781
1.0729
1.1250
1.0703
1.0938
1.0938
1.0938
1.1406
1.0794
1.0938
1.1172
1.0703
1.0703
1.1406
1.0625
1.0469
1.0938
1.1406
1.0469
1.1198
1.0703
1.0859
1.1107
1.1094
1.0781
1.1094
1.0625
1.0781
1.0781
1.1094
1.0938
1.0938
1.1562
1.1172
1.0781
1.1406
1.0755
1.0938
1.0729
1.0781
1.0938
1.0781
1.1250
1.0938
1.1406
1.1797
1.0625
1.0781
1.1172
1.0938
1.0781
1.0625
1.0469
1.0625
1.0938
1.0547
1.0859
1.0938
1.0781
1.0625
1.1250
1.0312
1.0938
1.0469
1.0521
1.0781
1.2188
1.0781
1.0938
1.1094
1.0391
1.0573
1.0938
1.0781
1.1016
1.0990
1.0781
1.0547
1.1458
1.1250
1.0859
1.0781
1.1250
1.0938
1.0833
1.0625
1.0625
1.0547
1.0703
1.0938
1.0885
1.0625
1.0729
1.0859
1.1094
1.0677
1.0703
1.1016
1.0781
1.0625
1.0625
1.1406
1.0547
1.0938
1.1094
1.0781
1.1016
1.0625
1.0938
1.0781
1.0781
1.0469
1.1172
1.0625
1.1250
1.0625
1.0859
1.1094
1.1406
1.1172
1.0781
1.0938
1.0781
1.0938
1.1250
1.1406
1.1250
1.1094
1.0625
1.0547
1.0859
1.1094
1.0859
1.0781
1.0469
1.0781
1.0990
1.0625
1.0469
1.1016
1.0781
1.0000
1.0469
1.1016
1.0781
1.0625
1.0938
1.0938
1.0781
1.0781
1.0859
1.0938
1.0781
1.1016
1.1094
1.1094
1.0625
1.0703
1.0938
1.0469
1.0938
1.0625
1.0469
1.0625
1.0625
1.0703
1.0729
1.0781
1.0938
1.0781
1.0625
1.0990
1.1016
1.0156
1.1016
1.0938
1.0859
1.0938
1.0729
1.0547
1.0781
1.0938
1.1016
1.0703
1.0625
1.0938
1.0781
1.0781
1.0469
1.1094
1.0990
1.0781
1.0781
1.0469
1.0625
1.0625
1.0938
1.1250
1.1250
1.1094
1.1016
1.1562
1.0938
1.0703
1.0625
1.0781
1.1250
1.0625
1.0625
1.0781
1.1250
1.1094
1.1016
1.0781
1.0859
1.0547
1.0625
1.0391
1.0625
1.0938
1.0547
1.0938
1.0781
1.0547
1.0859
1.0547
1.0703
1.1094
1.1406
1.1094
1.0781
1.1172
1.0417
1.0547
1.0547
1.0391
1.1094
1.0781
1.0625
1.0781
1.0781
1.0703
1.0547
1.0781
1.0625
1.0469
1.0625
1.0469
1.0469
1.0547
1.1094
1.0547
1.0938
1.0547
1.0703
1.0625
1.0885
1.0312
1.0469
1.0625
1.0938
1.0781
1.0781
1.0885
1.0938
1.0938
1.0924
1.0312
1.0938
1.0625
1.0833
1.0547
1.0625
1.0312
1.0625
1.0938
1.0469
1.0625
1.0547
1.0469
1.0781
1.0469
1.0703
1.0391
1.0625
1.0391
1.1094
1.0938
1.0625
1.0781
1.0469
1.0469
1.0703
1.0469
1.0859
1.0625
1.0703
1.0469
1.0625
1.0625
1.0469
1.0469
1.0156
1.0703
1.0781
1.0677
1.0625
1.0573
1.1094
1.0703
1.0938
1.0781
1.0703
1.1016
1.0625
1.0391
1.0781
1.0990
1.0625
1.0859
1.0938
1.0625
1.0703
1.0469
1.0625
1.0391
1.0312
1.0469
1.0938
1.0312
1.0625
1.0781
1.0625
1.0469
1.0729
1.0885
1.0781
1.1094
1.0469
1.0781
1.0625
1.0781
1.0703
1.0547
1.0417
1.0625
1.0312
1.0312
1.0469
1.0469
1.0000
1.0391
1.0625
1.0000
1.0469
1.0625
1.0547
1.0781
1.0625
1.0938
1.0000
1.1016
1.0781
1.0625
1.0391
1.0312
1.0625
1.0781
1.0469
1.0312
1.0781
1.0000
1.0781
1.0729
1.0469
1.0938
1.0703
1.0312
1.0625
1.0625
1.0547
1.0469
1.0781
1.0312
1.0391
1.0417
1.0547
1.0312
1.0703
1.0469
1.0703
1.0625
1.0391
1.0703
1.0391
1.0312
1.0781
1.0469
1.0469
1.0625
1.0703
1.0625
1.0469
1.0312
1.0312
1.0391
1.0781
1.0469
1.0625
1.0469
1.0469
1.0547
1.0312
1.0521
1.0469
1.0938
1.0625
1.0625
1.0938
1.0703
1.0781
1.0938
1.0469
1.0469
1.0312
1.0312
1.0703
1.0677
1.0781
1.0703
1.1094
1.0469
1.0703
1.0156
1.0547
1.0781
1.0521
1.0625
1.0703
1.0391
1.0000
1.0859
1.0469
1.0625
1.0781
1.0625
1.0547
1.0391
1.0469
1.0469
1.0547
1.0703
1.0547
1.0000
1.0547
1.0547
1.0625
1.0469
1.0859
1.0859
1.0625
1.0312
1.0312
1.0469
1.0625
1.0312
1.0391
1.0781
1.0000
1.0391
1.0234
1.0547
1.0573
1.0781
1.0469
1.0391
1.0312
1.0703
1.0781
1.0469
1.0312
1.0312
1.0716
1.0391
1.0703
1.0312
1.0547
1.0234
1.0781
1.0234
1.0703
1.0781
1.0234
1.1094
1.0469
1.0469
1.0234
1.0547
1.0469
1.0391
1.0625
1.0469
1.0469
1.0703
1.0312
1.0469
1.0312
1.0625
1.0000
1.0391
1.0625
1.0469
1.0625
1.0312
1.0521
1.0547
1.0312
1.0469
1.0859
1.0625
1.0781
1.0547
1.0625
1.0312
1.0547
1.0469
1.0547
1.0781
1.0547
1.0000
1.0391
1.0729
1.0312
1.0000
1.0703
1.0469
1.0781
1.0000
1.0391
1.0781
1.0547
1.0625
1.0312
1.0625
1.0417
1.0000
1.0469
1.0469
1.0469
1.0625
1.0469
1.0469
1.0469
1.0677
1.0469
1.0312
1.0234
1.0469
1.0391
1.0625
1.0312
1.0469
1.0469
1.0625
1.0625
1.0781
1.0820
1.0938
1.0625
1.0000
1.0625
1.0469
1.0000
1.0417
1.0469
1.0391
1.0469
1.0521
1.0000
1.0547
1.0469
1.0391
1.0391
1.0469
1.0469
1.0469
1.0000
1.0938
1.0391
1.0312
1.0625
1.0625
1.0391
1.0547
1.0156
1.0625
1.0312
1.0234
1.0312
1.0391
1.0312
1.0469
1.0469
1.0312
1.0781
1.0469
1.0391
1.0625
1.0000
1.0000
1.0234
1.0469
1.0156
1.0469
1.0781
1.0781
1.0000
1.0469
1.0312
1.0469
1.0312
1.0781
1.0312
1.0312
1.0938
1.0312
1.0469
1.0469
1.0156
1.0312
1.0156
1.0469
1.0469
1.0312
1.0781
1.0391
1.0625
1.0625
1.0234
1.0312
1.0312
1.0234
1.0312
1.0234
1.0547
1.0312
1.0625
1.0391
1.0625
1.0156
1.0469
1.0312
1.1094
1.0625
1.0312
1.0547
1.0312
1.0469
1.0781
1.0469
1.0703
1.0469
1.0469
1.0469
1.0781
1.0547
1.0469
1.0312
1.0469
1.0469
1.0781
1.0573
1.0000
1.0781
1.0781
1.0417
1.0469
1.0234
1.0625
1.0234
1.0469
1.0547
1.0469
1.0469
1.0391
1.0000
1.0859
1.0703
1.0625
1.0625
1.0234
1.0625
1.0547
1.0000
1.0312
1.0234
1.0573
1.0312
1.0703
1.0000
1.0547
1.0469
1.0312
1.0234
1.0938
1.0625
1.0312
1.0391
1.0234
1.0547
1.0156
1.0625
1.0781
1.0469
1.0312
1.0938
1.0469
1.0625
1.0469
1.0000
1.0938
1.0234
1.0781
1.0312
1.0000
1.0000
1.0312
1.0469
1.0469
1.0469
1.0312
1.0625
1.0312
1.0391
1.0312
1.0312
1.0312
1.0469
1.0938
1.0156
1.0000
1.0312
1.0625
1.0312
1.0391
1.0391
1.0469
1.0625
1.0625
1.0547
1.0781
1.0312
1.0469
1.0625
1.0000
1.0469
1.0156
1.0000
1.0234
1.0234
1.0781
1.0469
1.0312
1.0312
1.0156
1.0234
1.0469
1.0312
1.0625
1.0547
1.0469
1.0781
1.0391
1.0391
1.0391
1.0781
1.0312
1.0312
1.0156
1.0781
1.0312
1.0625
1.0391
1.0469
1.0625
1.0000
1.0391
1.0156
1.0156
1.0625
1.0625
1.0312
1.0469
1.0234
1.0547
1.0547
1.0781
1.0312
1.0547
1.0469
1.0938
1.0781
1.0000
1.0312
1.0703
1.0469
1.0000
1.0625
1.0469
1.0547
1.0625
1.0469
1.0469
1.0391
1.0312
1.0312
1.0000
1.0234
1.0469
1.0312
1.0391
1.0885
1.0391
1.0547
1.0469
1.0312
1.0547
1.0234
1.0312
1.0000
1.0391
1.0391
1.0469
1.0312
1.0781
1.0312
1.0312
1.0391
1.0000
1.0000
1.0469
1.0547
1.0469
1.0469
1.0234
1.0312
1.0000
1.0625
1.0234
1.0781
1.0938
1.0469
1.0469
1.0625
1.0234
1.0469
1.0469
1.0547
1.0312
1.0469
1.0312
1.0312
1.0469
1.0469
1.0312
1.0885
1.0547
1.0469
1.0312
1.0156
1.0312
1.0625
1.0469
1.0469
1.0469
1.0469
1.0312
1.0234
1.0625
1.0000
1.0469
1.0312
1.0625
1.0391
1.0312
1.0312
1.0234
1.0000
1.0469
1.0312
1.0547
1.0573
1.0312
1.0547
1.0156
1.0547
1.0000
1.0469
1.0312
1.0469
1.0625
1.0391
1.0312
1.0000
1.0312
1.0625
1.0391
1.0469
1.0625
1.0312
1.0156
1.0312
1.0625
1.0391
1.0156
1.0312
1.0156
1.0312
1.0469
1.0469
1.0391
1.0312
1.0312
1.0000
1.0312
1.0156
1.0391
1.0312
1.0391
1.0703
1.0312
1.0391
1.0859
1.0312
1.0469
1.0312
1.0625
1.0000
1.0781
1.0000
1.0000
1.0312
1.0469
1.0312
1.0000
1.0625
1.0234
1.0312
1.0469
1.0000
1.0000
1.0469
1.0312
1.0391
1.0312
1.0312
1.0625
1.0469
1.0391
1.0312
1.0312
1.0312
1.0469
1.0469
1.0547
1.0234
1.0312
1.0469
1.0000
1.0469
1.0625
1.0469
1.0312
1.0625
1.0234
1.0260
1.0156
1.0391
1.0312
1.0000
1.0000
1.0312
1.0703
1.0391
1.0625
1.0000
1.0391
1.0391
1.0312
1.0312
1.0312
1.0000
1.0312
1.0312
1.0547
1.0469
1.0469
1.0156
1.0391
1.0391
1.0312
1.0000
1.0312
1.0469
1.0312
1.0312
1.0000
1.0312
1.0391
1.0312
1.0469
1.0000
1.0234
1.0156
1.0312
1.0312
1.0234
1.0469
1.0547
1.0625
1.0234
1.0312
1.0312
1.0469
1.0469
1.0625
1.0156
1.0469
1.0547
1.0469
1.0625
1.0391
1.0469
1.0469
1.0625
1.0234
1.0312
1.0000
1.0547
1.0469
1.0312
1.0234
1.0469
1.0156
1.0000
1.0312
1.0469
1.0312
1.0312
1.0000
1.0000
1.0469
1.0156
1.0312
1.0234
1.0469
1.0469
1.0000
1.0156
1.0000
1.0547
1.0000
1.0000
1.0000
1.0547
1.0156
1.0625
1.0312
1.0417
1.0391
1.0391
1.0312
1.0312
1.0000
1.0000
1.0156
1.0547
1.0234
1.0469
1.0156
1.0469
1.0625
1.0000
1.0391
1.0000
1.0312
1.0469
1.0000
1.0312
1.0000
1.0312
1.0156
1.0469
1.0625
1.0312
1.0312
1.0000
1.0469
1.0469
1.0000
1.0312
1.0312
1.0000
1.0312
1.0312
1.0781
1.0469
1.0312
1.0312
1.0521
1.0000
1.0312
1.0000
1.0312
1.0312
1.0469
1.0469
1.0625
1.0391
1.0000
1.0234
1.0547
1.0625
1.0469
1.0312
1.0469
1.0469
1.0156
1.0469
1.0625
1.0312
1.0000
1.0469
1.0781
1.0469
1.0469
1.0000
1.0469
1.0938
1.0469
1.0234
1.0469
1.0000
1.0859
1.0156
1.0000
1.0000
1.0312
1.0312
1.0312
1.0234
1.0156
1.0625
1.0000
1.0391
1.0391
1.0000
1.0000
1.0156
1.0469
1.0469
1.0156
1.0000
1.0625
1.0312
1.0234
1.0469
1.0781
1.0391
1.0312
1.0312
1.0312
1.0312
1.0312
1.0000
1.0365
1.0312
1.0469
1.0000
1.0469
1.0391
1.0391
1.0234
1.0391
1.1094
1.0000
1.0000
1.0469
1.0469
1.0156
1.0000
1.0547
1.0312
1.0312
1.0000
1.0469
1.0781
1.0312
1.0234
1.0312
1.0391
1.0312
1.0312
1.0469
1.0625
1.0469
1.0000
1.0312
1.0469
1.0469
1.0625
1.0625
1.0000
1.0156
1.0000
1.0469
1.0469
1.0312
1.0469
1.0156
1.0391
1.0391
1.0391
1.0312
1.0312
1.0312
1.0469
1.0625
1.0156
1.0156
1.0469
1.0156
1.0312
1.0625
1.0234
1.0000
1.0312
1.0469
1.0234
1.0312
1.0156
1.0312
1.0156
1.0312
1.0000
1.0469
1.0391
1.0469
1.0469
1.0469
1.0156
1.0000
1.0156
1.0312
1.0000
1.0469
1.0312
1.0312
1.0234
1.0000
1.0312
1.0312
1.0391
1.0234
1.0312
1.0000
1.0000
1.0312
1.0000
1.0156
1.0156
1.0391
1.0156
1.0312
1.0469
1.0000
1.0312
1.0156
1.0469
1.0312
1.0000
1.0469
1.0156
1.0234
1.0000
1.0469
1.0000
1.0234
1.0000
1.0156
1.0312
1.0469
1.0312
1.0469
1.0469
1.0000
1.0312
1.0781
1.0312
1.0312
1.0156
1.0391
1.0312
1.0469
1.0312
1.0625
1.0000
1.0312
1.0469
1.0312
1.0312
1.0391
1.0312
1.0625
1.0312
1.0469
1.0000
1.0469
1.0625
1.0000
1.0391
1.0156
1.0469
1.0156
1.0703
1.0781
1.0469
1.0312
1.0625
1.0469
1.0234
1.0000
1.0156
1.0469
1.0312
1.0312
1.0312
1.0469
1.0312
1.0469
1.0234
1.0312
1.0000
1.0781
1.0312
1.0000
1.0156
1.0469
1.0000
1.0000
1.0156
1.0312
1.0312
1.0234
1.0312
1.0312
1.0547
1.0469
1.0000
1.0000
1.0000
1.0625
1.0234
1.0234
1.0260
1.0000
1.0469
1.0000
1.0000
1.0391
1.0469
1.0000
1.0000
1.0156
1.0000
1.0156
1.0156
1.0469
1.0000
1.0234
1.0000
1.0469
1.0234
1.0312
1.0312
1.0312
1.0391
1.0312
1.0156
1.0000
1.0000
1.0312
1.0156
1.0859
1.0000
1.0312
1.0156
1.0312
1.0312
1.0156
1.0156
1.0469
1.0312
1.0469
1.0469
1.0234
1.0312
1.0156
1.0000
1.0000
1.0156
1.0156
1.0469
1.0000
1.0312
1.0312
1.0469
1.0000
1.0469
1.0000
1.0625
1.0312
1.0469
1.0312
1.0000
1.0312
1.0234
1.0312
1.0312
1.0469
1.0156
1.0938
1.0469
1.0000
1.0469
1.0391
1.0156
1.0312
1.0469
1.0156
1.0156
1.0312
1.0000
1.0625
1.0312
1.0156
1.0469
1.0312
1.0156
1.0312
1.0625
1.0312
1.0469
1.0312
1.0312
1.0000
1.0156
1.0156
1.0312
1.0000
1.0391
1.0312
1.0312
1.0469
1.0312
1.0156
1.0469
1.0000
1.0000
1.0469
1.0312
1.0000
1.0312
1.0312
1.0312
1.0156
1.0469
1.0000
1.0234
1.0312
1.0312
1.0312
1.0312
1.0312
1.0469
1.0469
1.0625
1.0000
1.0000
1.0156
1.0312
1.0469
1.0000
1.0312
1.0000
1.0156
1.0469
1.0312
1.0000
1.0469
1.0469
1.0000
1.0391
1.0547
1.0312
1.0000
1.0312
1.0000
1.0312
1.0312
1.0234
1.0312
1.0469
1.0312
1.0000
1.0234
1.0156
1.0312
1.0000
1.0391
1.0000
1.0469
1.0312
1.0156
1.0234
1.0312
1.0469
1.0000
1.0000
1.0156
1.0234
1.0234
1.0000
1.0156
1.0391
1.0469
1.0312
1.0156
1.0000
1.0000
1.0391
1.0312
1.0156
1.0000
1.0312
1.0625
1.0312
1.0312
1.0677
1.0312
1.0312
1.0156
1.0000
1.0312
1.0000
1.0000
1.0000
1.0000
1.0000
1.0312
1.0469
1.0000
1.0000
1.0000
