16.8750
8.9375
6.4396
4.9219
3.8271
3.5938
3.1510
3.0208
2.7292
2.2500
2.3298
2.1500
2.5208
1.6615
1.7917
1.9792
1.8125
1.5677
1.5573
1.5417
1.5625
1.4792
1.3542
1.4437
1.3750
1.5417
1.5625
1.3750
1.3604
1.5938
1.7292
1.4688
1.2562
1.2500
1.3125
1.2917
1.2708
1.5573
1.3125
1.1875
1.3750
1.3750
1.2625
1.2708
1.2917
1.2865
1.3542
1.1719
1.1562
1.1927
1.2604
1.2500
1.4375
1.2500
1.3125
1.2000
1.0885
1.1875
1.1250
1.1927
1.1302
1.1000
1.2292
1.1250
1.0833
1.1562
1.0625
1.3333
1.1250
1.1875
1.1250
1.1510
1.0938
1.2500
1.3729
1.1042
1.0833
1.0938
1.1906
1.0625
1.0938
1.0938
1.1667
1.1094
1.0312
1.1250
1.0938
1.1667
1.1271
1.1562
1.1250
1.0625
1.1562
1.1250
1.1302
1.1875
1.1562
1.1875
1.1312
1.1250
1.0000
1.0417
1.1510
1.0938
1.0000
1.0625
1.1250
1.0000
1.0625
1.1604
1.1042
1.1250
1.0938
1.0625
1.0000
1.0625
1.1562
1.1406
1.1250
1.1250
1.0417
1.1250
1.1250
1.0312
1.0938
1.0625
1.0417
1.0625
1.0833
1.0000
1.0000
1.0312
1.0781
1.0000
1.0312
1.1250
1.1250
1.1094
1.0000
1.0000
1.1875
1.0312
1.0938
1.1250
1.1615
1.1875
1.0625
1.0938
1.0000
1.0625
1.1250
1.0312
1.0625
1.0938
1.0000
1.0938
1.1250
1.1875
1.0000
1.0625
1.1875
1.0625
1.0938
1.0625
1.0625
1.0625
1.0833
1.0000
1.0625
1.0000
1.0312
1.0312
1.0625
1.0625
1.0625
1.0625
1.0417
1.1042
1.0312
1.0625
1.0312
1.0000
1.0312
1.0938
1.0000
1.0000
1.0000
1.0781
1.0417
1.0625
1.0625
1.0312
1.0625
1.0000
1.0938
1.0000
1.0312
1.0625
1.0833
1.1250
1.1042
1.1875
1.0625
1.0312
1.0000
1.0625
1.0938
1.0625
1.0000
1.0833
1.0000
1.0000
1.0625
1.0000
1.0938
1.0000
1.0625
1.0625
1.0312
1.0625
1.0312
1.0625
1.0312
1.0625
1.0000
1.0000
1.0312
1.0000
1.0312
1.0312
1.0833
1.0312
1.0417
1.0000
1.0625
1.0625
1.0417
1.0312
1.0000
1.0625
1.0000
1.0000
1.0000
1.0417
1.0000
1.0000
1.0000
1.0000
1.0000
1.0312
1.0625
1.0000
1.0625
1.0938
1.0000
1.0417
1.0417
1.0625
1.0938
1.0000
1.1250
1.0000
1.0417
1.0000
1.0000
1.0000
1.0000
1.0625
1.0000
1.0312
1.0000
1.0000
1.0000
1.0000
1.0625
1.0000
1.0938
1.0000
1.0312
1.1042
1.0729
1.0000
1.0000
1.0312
1.0625
1.0417
1.0000
1.1250
1.0000
1.0625
1.0625
1.0312
1.0000
1.0625
1.0625
1.0312
1.0000
1.0000
1.0000
1.0000
1.0417
1.0938
1.0625
1.0625
1.0312
1.0312
1.0625
1.0000
1.0000
1.0312
1.0625
1.0000
1.0000
1.0000
1.0625
1.0938
1.0938
1.0312
1.0312
1.0312
1.0938
1.0625
1.0000
1.0000
1.0938
1.0000
1.0000
1.0000
1.0625
1.0885
1.1875
1.0000
1.0000
1.0312
1.0000
1.0625
1.0000
1.0625
1.0312
1.0417
1.0312
1.0312
1.0000
1.0000
1.1250
1.0000
1.0625
1.0625
1.0000
1.0625
1.0000
1.0625
1.0000
1.0625
1.0000
1.0000
1.0625
1.0000
1.0000
1.0000
1.1875
1.0312
1.0417
1.0000
1.0000
1.0000
1.0625
1.0312
1.0000
1.1458
1.0312
1.0000
1.0312
1.0312
1.1250
1.0000
1.0417
1.0000
1.0000
1.0000
1.0417
1.0000
1.0625
1.0312
1.0312
1.0000
1.0000
1.0000
1.0312
1.0000
1.0312
1.0625
1.0312
1.0000
1.0417
1.0000
1.0000
1.0625
1.0312
1.0000
1.0312
1.0625
1.0417
1.0000
1.0000
1.0312
1.0000
1.0000
1.0625
1.0000
1.0625
1.0312
1.0000
1.0625
1.0000
1.0000
1.0000
1.0000
1.0000
1.0625
1.0000
1.0000
1.0938
1.0000
1.0312
1.0312
1.0625
1.0312
1.0000
1.0417
1.0000
1.0625
1.0938
1.0000
1.0000
1.0938
1.1250
1.0000
1.0312
1.0000
1.0000
1.0000
1.0312
1.0000
1.0312
1.0312
1.0625
1.0000
1.0625
1.0000
1.0312
1.0000
1.0000
1.0312
1.0312
1.0312
1.0625
1.0000
1.0312
1.0312
1.0000
1.0625
1.0312
1.0312
1.0000
1.0000
1.0000
1.0000
1.0000
1.0000
1.0000
1.0000
1.0312
1.0000
1.0312
1.0000
1.0312
1.0000
1.0417
1.0000
1.0729
1.0000
1.0000
1.0312
1.0312
1.0000
1.0312
1.0000
1.0000
1.0312
1.0625
1.1250
1.0312
1.0000
1.0312
1.0000
1.0000
1.0000
1.0000
1.0312
1.0000
1.0312
1.0000
1.0312
1.0312
1.0000
1.0312
1.0000
1.0000
1.0312
1.0000
1.0417
1.0000
1.0000
1.0000
1.0312
1.0000
1.0312
1.0312
1.0000
1.0312
1.0312
1.0000
1.0000
1.0000
1.0000
1.0000
1.0312
1.0312
1.0000
1.0000
1.0000
1.0625
1.0000
1.0000
1.0000
1.0000
1.0000
1.0000
1.0000
1.0000
1.0000
1.0312
1.0000
1.0000
1.0000
1.0417
1.0312
1.0000
1.0000
1.0000
1.0312
1.0000
1.0000
1.0312
1.0417
1.0000
1.0000
1.0000
1.0000
1.0312
1.0000
1.0000
1.0000
1.0000
1.0000
1.0000
1.0625
1.0000
1.0000
1.0625
1.0312
1.0312
1.0000
1.0312
1.0000
1.0000
1.0000
1.0000
1.0000
1.0990
1.0417
1.0000
1.0312
1.0000
1.0312
1.0000
1.0312
1.0000
1.0312
1.0000
1.0312
1.0000
1.0000
1.0312
1.0312
1.0000
1.0000
1.0312
1.0000
1.0312
1.0417
1.0312
1.0000
1.0000
1.0000
1.0000
1.0000
1.0000
1.0000
1.0000
1.0312
1.0417
1.0000
1.0417
1.0417
1.0000
1.0000
1.0312
1.0000
1.0000
1.0000
1.0312
1.0000
1.0000
1.0000
1.0000
1.0000
1.0312
1.0312
1.0312
1.0625
1.0000
1.0000
1.0312
1.0000
1.0312
1.0312
1.0000
1.0000
1.0000
1.0000
1.0000
1.0000
1.0000
1.0000
1.0312
1.0312
1.0312
1.0000
1.0000
1.0312
1.0000
1.0000
1.0000
1.0000
1.0000
1.0000
1.0417
1.0312
1.0000
1.0000
1.0000
1.0000
1.0000
1.0000
1.0000
1.0938
1.0000
1.0000
1.0000
1.0625
1.0000
1.0000
1.0000
1.0000
1.0312
1.0625
1.0312
1.0312
1.0312
1.0000
1.0000
1.0000
1.1875
1.0000
1.0000
1.0000
1.0000
1.0312
1.0000
1.0312
1.0000
1.0000
1.0000
1.0000
1.0000
1.0000
1.0312
1.0000
1.0000
1.0000
1.0000
1.0000
1.0417
1.0000
1.0000
1.0000
1.0000
1.0000
1.0000
1.0312
1.0000
1.0000
1.0000
1.0000
1.0000
1.0000
1.0312
1.0000
1.0625
1.0000
1.0312
1.0000
1.0312
1.0000
1.0000
1.0000
1.0000
1.0000
1.0312
1.0000
1.0000
1.0000
1.0000
1.0000
1.0000
1.0312
1.0000
1.0000
1.0000
1.0000
1.0312
1.0312
1.0312
1.0000
1.0625
1.0312
1.0000
1.0000
1.0000
1.0312
1.0000
1.0312
1.0000
1.0312
1.0573
1.0000
1.0417
1.0312
1.0000
1.0000
1.0000
1.0000
1.0625
1.0000
1.0312
1.0000
1.0000
1.0000
1.0000
1.0000
1.0312
1.0312
1.0000
1.0000
1.0000
1.0625
1.0000
1.0000
1.0000
1.0000
1.0312
1.0000
1.0000
1.0000
1.0000
1.0312
1.0000
1.0000
1.0000
1.0312
1.0000
1.0000
1.0000
1.0000
1.0000
1.0000
1.0000
1.0000
1.0000
1.0000
1.0000
1.0625
1.0000
1.0000
1.0000
1.0000
1.0000
1.0000
1.0000
1.0000
1.0000
1.0312
1.0000
1.0000
1.0000
1.0000
1.0312
1.0417
1.0000
1.0000
1.0000
1.0000
1.0000
1.0000
1.0000
1.0000
1.0000
1.0000
1.0000
1.0000
1.0000
1.0000
1.0000
1.0000
1.0312
1.0000
1.0000
1.0000
1.0000
1.0000
1.0312
1.0000
1.0000
1.0000
1.0625
1.0312
1.0000
1.0000
1.0000
1.0000
1.0000
1.0000
1.0000
1.0000
1.0000
1.0312
1.0000
1.0417
1.0000
1.0312
1.0000
1.0312
1.0000
1.0000
1.0312
1.0312
1.0000
1.0000
1.0000
1.0000
1.0000
1.0312
1.0000
1.0000
1.0312
1.0000
1.0000
1.0312
1.0000
1.0000
1.0312
1.0000
1.0000
1.0000
1.0938
1.0312
1.0417
1.0312
1.0000
1.0000
1.0000
1.0000
1.0000
1.0312
1.0312
1.0417
1.0000
1.0000
1.0000
1.0000
1.0000
1.0625
1.0000
1.0000
1.0000
1.0312
1.0625
1.0625
1.0000
1.0000
1.0000
1.0000
1.0000
1.0000
1.0000
1.0000
1.0000
1.0000
1.0000
1.0000
1.0312
1.0000
1.0000
1.0000
1.0312
1.0625
1.0625
1.0000
1.0000
1.0000
1.0000
1.0000
1.0000
1.0000
1.0000
1.0000
1.0000
1.0000
1.0000
1.0000
1.0000
1.0000
1.0000
1.0000
1.0000
1.0312
1.0312
1.0000
1.0000
1.0312
1.0000
1.0000
1.0000
1.0000
1.0312
1.0000
1.0000
1.0000
1.0000
1.0000
1.0000
1.0000
1.0000
1.0312
1.0000
1.0000
1.0000
1.0000
1.0000
1.0000
1.0312
1.0000
1.0000
1.0000
1.0000
1.0000
1.0000
1.0000
1.0000
1.0000
1.0000
1.0000
1.0312
1.0000
1.0000
1.0000
1.0000
1.0000
1.0312
1.0000
1.0000
1.0312
1.0000
1.0000
1.0000
1.0312
1.0417
1.0000
1.0000
1.0000
1.0000
1.0000
1.0000
1.0000
1.0000
1.0000
1.0000
1.0000
1.0000
1.0000
1.0000
1.0312
1.0000
1.0312
1.0000
1.0000
1.0000
1.0312
1.0000
1.0000
1.0000
1.0312
1.0312
1.0000
1.0000
1.0000
1.0625
1.0312
1.0000
1.0000
1.0312
1.0625
1.0000
1.0000
1.0000
1.0000
1.0000
1.0000
1.0000
1.0312
1.0000
1.0000
1.0000
1.0000
1.0000
1.0000
1.0000
1.0000
1.0000
1.0000
1.0000
1.0000
1.0000
1.0000
1.0000
1.0000
1.0000
1.0000
1.0000
1.0000
1.0000
1.0000
1.0312
1.0312
1.0000
1.0312
1.0000
1.0000
1.0312
1.0000
1.0312
1.0000
1.0000
1.0000
1.0000
1.0000
1.0312
1.0000
1.0000
1.0000
1.0312
1.0000
1.0000
1.0000
1.0000
1.0000
1.0000
1.0000
1.0000
1.0312
1.0000
1.0000
1.0000
1.0000
1.0000
1.0000
1.0000
1.0000
1.0000
1.0625
1.0312
1.0000
1.0000
1.0000
1.0000
1.0000
1.0000
1.0000
1.0000
1.0000
1.0000
1.0000
1.0000
1.0000
1.0000
1.0625
1.0000
1.0000
1.0000
1.0312
1.0000
1.0000
1.0000
1.0000
1.0000
1.0729
1.0000
1.0000
1.0000
1.0000
1.0625
1.0000
1.0000
1.0000
1.0000
1.0000
1.0000
1.0312
1.0000
1.0000
1.0000
1.0000
1.0000
1.0000
1.0000
1.0000
1.0312
1.0000
1.0000
1.0000
1.0000
1.0000
1.0000
1.0000
1.0312
1.0000
1.0000
1.0000
1.0625
1.0000
1.0000
1.0000
1.0000
1.0000
1.0000
1.0000
1.0312
1.0000
1.0000
1.0000
1.0000
1.0000
1.0000
1.0312
1.0000
1.0000
1.0000
1.0000
1.0312
1.0312
1.0000
1.0312
1.0312
1.0000
1.0312
1.0000
1.0000
1.0417
1.0000
1.0000
1.0000
1.0000
1.0000
1.0312
1.0000
1.0312
1.0000
1.0000
1.0312
1.0000
1.0000
1.0000
1.0000
1.0000
1.0000
1.0000
1.0312
1.0312
1.0000
1.0000
1.0000
1.0000
1.0000
1.0000
1.0000
1.0000
1.0000
1.0000
1.0000
1.0000
1.0000
1.0000
1.0000
1.0000
1.0000
1.0000
1.0312
1.0000
1.0000
1.0000
1.0000
1.0000
1.0000
1.0000
1.0000
1.0000
1.0000
1.0000
1.0000
1.0312
1.0000
1.0312
1.0000
1.0000
1.0000
1.0000
1.0312
1.0312
1.0000
1.0000
1.0000
1.0000
1.0000
1.0000
1.0000
1.0000
1.0000
1.0000
1.0000
1.0312
1.0000
1.0000
1.0000
1.0000
1.0000
1.0000
1.0312
1.0000
1.0417
1.0312
1.0000
1.0312
1.0000
1.0000
1.0000
1.0000
1.0000
1.0000
1.0000
1.0000
1.0000
1.0000
1.0625
1.0000
1.0000
1.0000
1.0000
1.0000
1.0000
1.0000
1.0000
1.0312
1.0000
1.0000
1.0000
1.0312
1.0000
1.0000
1.0000
1.0312
1.0000
1.0000
1.0000
1.0000
1.0000
1.0000
1.0000
1.0000
1.0000
1.0000
1.0000
1.0000
1.0000
1.0000
1.0000
1.0000
1.0000
1.0000
1.0000
1.0000
1.0000
1.0000
1.0000
1.0000
1.0000
1.0312
1.0000
1.0312
1.0000
1.0000
1.0312
1.0000
1.0312
1.0000
1.0312
1.0000
1.0000
1.0000
1.0000
1.0000
1.0000
1.0000
1.0000
1.0000
1.0000
1.0312
1.0000
1.0000
1.0000
1.0000
1.0000
1.0000
1.0000
1.0312
1.0000
1.0000
1.0000
1.0000
1.0000
1.0312
1.0000
1.0000
1.0312
1.0000
1.0000
1.0000
1.0000
1.0000
1.0000
1.0000
1.0000
1.0000
1.0000
1.0312
1.0000
1.0417
1.0000
1.0312
1.0000
1.0000
1.0312
1.0000
1.0000
1.0312
1.0000
1.0312
1.0000
1.0000
1.0000
1.0000
1.0000
1.0000
1.0000
1.0000
1.0000
1.0000
1.0000
1.0625
1.0000
1.0000
1.0000
1.0000
1.0000
1.0000
1.0000
1.0000
1.0000
1.0000
1.0000
1.0000
1.0000
1.0417
1.0000
1.0312
1.0000
1.0000
1.0000
1.0000
1.0000
1.0000
1.0000
1.0000
1.0000
1.0000
1.0312
1.0000
1.0417
1.0000
1.0000
1.0000
1.0000
1.0000
1.0000
1.0000
1.0000
1.0000
1.0000
1.0312
1.0000
1.0000
1.0000
1.0000
1.0000
1.0312
1.0000
1.0000
1.0000
1.0000
1.0312
1.0312
1.0000
1.0312
1.0000
1.0000
1.0000
1.0000
1.0312
1.0625
1.0417
1.0000
1.0000
1.0312
1.0312
1.0000
1.0000
1.0000
1.0000
1.0312
1.0000
1.0312
1.0000
1.0000
1.0000
1.0625
1.0000
1.0000
1.0000
1.0000
1.0000
1.0000
1.0312
1.0000
1.0000
1.0000
1.0000
1.0000
1.0000
1.0000
1.0000
1.0312
1.0000
1.0000
1.0000
1.0000
1.0000
1.0312
1.0000
1.0312
1.0000
1.0312
1.0000
1.0000
1.0000
1.0000
1.0000
1.0000
1.0000
1.0000
1.0312
1.0000
1.0000
1.0625
1.0000
1.0000
1.0312
1.0000
1.0000
1.0000
1.0000
1.0000
1.0000
1.0000
1.0000
1.0000
1.0000
1.0312
1.0000
1.0000
1.0000
1.0000
1.0000
1.0000
1.0000
1.0000
1.0000
1.0000
1.0000
1.0000
1.0000
1.0000
1.0000
1.0000
1.0000
1.0000
1.0000
1.0000
1.0000
1.0312
1.0000
1.0000
1.0000
1.0312
1.0000
1.0000
1.0000
1.0000
1.0000
1.0000
1.0000
1.0000
1.0000
1.0000
1.0000
1.0000
1.0000
1.0000
1.0000
1.0312
1.0000
1.0000
1.0000
1.0312
1.0000
1.0000
1.0000
1.0000
1.0000
1.0000
1.0000
1.0000
1.0000
1.0312
1.0000
1.0000
1.0000
1.0000
1.0000
1.0000
1.0000
1.0000
1.0000
1.0000
1.0000
1.0000
1.0000
1.0312
1.0000
1.0000
1.0000
1.0000
1.0000
1.0000
1.0000
1.0000
1.0000
1.0000
1.0000
1.0312
1.0000
1.0000
1.0000
1.0000
1.0312
1.0000
1.0000
1.0000
1.0000
1.0000
1.0000
1.0000
1.0000
1.0312
1.0000
1.0000
1.0000
1.0000
1.0000
1.0000
1.0000
1.0000
1.0312
1.0000
1.0000
1.0000
1.0312
1.0000
1.0000
1.0000
1.0625
1.0000
1.0000
1.0000
1.0000
1.0000
1.0000
1.0000
1.0312
1.0000
1.0000
1.0000
1.0000
1.0000
1.0000
1.0000
1.0000
1.0000
1.0000
1.0000
1.0000
1.0000
1.0000
1.0417
1.0000
1.0000
1.0000
1.0000
1.0000
1.0000
1.0000
1.0000
1.0000
1.0000
1.0000
1.0000
1.0000
1.0000
1.0000
1.0312
1.0312
1.0000
1.0312
1.0000
1.0000
1.0000
1.0000
1.0000
1.0000
1.0000
1.0000
1.0000
1.0000
1.0000
1.0312
1.0000
1.0000
1.0625
1.0000
1.0000
1.0312
1.0000
1.0000
1.0312
1.0000
1.0000
1.0000
1.0000
1.0000
1.0000
1.0000
1.0000
1.0000
1.0000
1.0000
1.0000
1.0000
1.0000
1.0000
1.0000
1.0000
1.0000
1.0000
1.0000
1.0312
1.0000
1.0000
1.0000
1.0312
1.0312
1.0000
1.0000
1.0000
1.0000
1.0312
1.0000
1.0000
1.0000
1.0000
1.0000
1.0312
1.0000
1.0000
1.0000
1.0000
1.0000
1.0000
1.0000
1.0000
1.0000
1.0000
1.0000
1.0000
1.0000
1.0000
1.0000
1.0000
1.0000
1.0000
1.0000
1.0312
1.0000
1.0000
1.0000
1.0000
1.0000
1.0000
1.0312
1.0000
1.0000
1.0000
1.0000
1.0000
1.0000
1.0000
1.0000
1.0000
1.0000
1.0000
1.0000
1.0000
1.0000
1.0000
1.0000
1.0000
1.0000
1.0000
1.0000
1.0000
1.0000
1.0000
1.0000
1.0000
1.0000
1.0000
1.0000
1.0000
1.0000
1.0000
1.0000
1.0000
1.0000
1.0000
1.0000
1.0000
1.0000
1.0312
1.0000
1.0312
1.0000
1.0000
1.0625
1.0000
1.0312
1.0000
1.0000
1.0000
1.0312
1.0000
1.0000
1.0000
1.0312
1.0000
1.0000
1.0000
1.0000
1.0000
1.0312
1.0000
1.0000
1.0000
1.0000
1.0417
1.0312
1.0000
1.0312
1.0000
1.0312
1.0000
1.0000
1.0000
1.0000
1.0000
1.0000
1.0312
1.0000
1.0000
1.0312
1.0000
1.0312
1.0000
1.0000
1.0312
1.0000
1.0000
1.0000
1.0312
1.0000
1.0000
1.0000
1.0000
1.0000
1.0312
1.0000
1.0000
1.0312
1.0000
1.0312
1.0000
1.0000
1.0000
1.0000
1.0000
1.0000
1.0000
1.0000
1.0000
1.0000
1.0312
1.0000
1.0000
1.0000
1.0000
1.0000
1.0000
1.0000
1.0000
1.0000
1.0000
1.0000
1.0000
1.0312
1.0000
1.0000
1.0000
1.0000
1.0312
1.0000
1.0000
1.0312
1.0312
1.0000
1.0000
1.0312
1.0000
1.0000
1.0000
1.0000
1.0000
1.0000
1.0000
1.0000
1.0000
1.0000
1.0000
1.0000
1.0000
1.0000
1.0000
1.0000
1.0000
1.0000
1.0000
1.0000
1.0312
1.0000
1.0000
1.0000
1.0000
1.0000
1.0312
1.0000
1.0000
1.0312
1.0000
1.0000
1.0000
1.0000
1.0000
1.0000
1.0312
1.0000
1.0312
1.0000
1.0625
1.0000
1.0000
1.0000
1.0000
1.0000
1.0000
1.0000
1.0000
1.0000
1.0000
1.0000
1.0000
1.0000
1.0000
1.0000
1.0000
1.0000
1.0000
1.0312
1.0000
1.0000
1.0000
1.0000
1.0000
1.0000
1.0000
1.0000
1.0000
1.0000
1.0000
1.0312
1.0000
1.0000
1.0000
1.0000
1.0000
1.0000
1.0000
1.0000
1.0000
1.0312
1.0000
1.0000
1.0000
1.0000
1.0000
1.0312
1.0000
1.0000
1.0000
1.0000
1.0000
1.0000
1.0312
1.0000
1.0000
1.0000
1.0000
1.0000
1.0000
1.0000
1.0000
1.0000
1.0000
1.0000
1.0000
1.0000
1.0000
1.0000
1.0000
1.0000
1.0000
1.0312
1.0000
1.0000
1.0000
1.0000
1.0312
1.0000
1.0000
1.0000
1.0000
1.0000
1.0000
1.0000
1.0000
1.0312
1.0312
1.0000
1.0000
1.0000
1.0000
1.0000
1.0000
1.0000
1.0000
1.0000
1.0000
1.0000
1.0000
1.0000
1.0000
