32.0000
16.8750
11.5781
9.4792
7.9167
6.9792
5.6146
5.2917
4.7083
4.1447
4.1250
3.3333
3.5312
3.4125
3.0859
3.1573
2.4583
2.5685
2.3099
2.1250
2.5833
2.1219
2.0469
1.8844
2.0016
2.1354
1.7906
2.0365
2.2844
2.0589
1.7422
1.8780
1.9167
1.6250
1.7573
1.8281
1.7812
1.5911
1.6432
1.4974
1.5495
1.5125
1.6094
1.5469
1.4896
1.5312
1.7031
1.5807
1.5781
1.5000
1.4995
1.4443
1.4974
1.4297
1.3854
1.4195
1.3920
1.4062
1.3438
1.3469
1.3229
1.3750
1.2812
1.5063
1.4583
1.3281
1.3125
1.3750
1.3438
1.4062
1.2917
1.3333
1.4844
1.2734
1.3438
1.2292
1.2604
1.3750
1.4792
1.3281
1.3438
1.2604
1.3646
1.3125
1.2708
1.2812
1.2344
1.2969
1.2500
1.2604
1.1562
1.2927
1.2500
1.2188
1.2344
1.2188
1.1562
1.2188
1.2292
1.2812
1.3281
1.1719
1.2969
1.2031
1.3438
1.2891
1.3125
1.2188
1.1562
1.1250
1.3333
1.2292
1.2969
1.1562
1.1562
1.2083
1.2969
1.2188
1.3750
1.2708
1.2812
1.2188
1.1667
1.1250
1.1979
1.1562
1.1562
1.2281
1.0938
1.1146
1.1094
1.1875
1.1641
1.2656
1.2188
1.1250
1.1146
1.2500
1.1875
1.2812
1.1875
1.1094
1.1250
1.2292
1.1667
1.1719
1.0938
1.1375
1.1094
1.1354
1.1354
1.1875
1.1250
1.1875
1.1562
1.1250
1.1094
1.1719
1.1406
1.1354
1.0964
1.0729
1.1406
1.1068
1.2500
1.1562
1.1875
1.1510
1.1562
1.0938
1.1250
1.0625
1.0937
1.1406
1.1406
1.0938
1.1667
1.1260
1.0938
1.1250
1.1042
1.1562
1.0625
1.1562
1.0625
1.1250
1.2500
1.1354
1.0938
1.0938
1.0937
1.2656
1.0312
1.0833
1.0625
1.1562
1.2812
1.1667
1.1562
1.1250
1.0938
1.1562
1.0938
1.0938
1.0312
1.1250
1.1120
1.0469
1.0417
1.0625
1.1562
1.1146
1.1146
1.0938
1.0807
1.1094
1.0938
1.1562
1.1250
1.1042
1.0521
1.1250
1.0833
1.1406
1.1250
1.0938
1.0469
1.0938
1.1250
1.1562
1.0938
1.1562
1.0938
1.0781
1.1667
1.0312
1.0781
1.0625
1.1250
1.1250
1.0938
1.0469
1.0521
1.0625
1.1042
1.1042
1.1120
1.0312
1.0625
1.0625
1.0625
1.0938
1.0833
1.0938
1.0938
1.0938
1.1250
1.0807
1.0625
1.0625
1.0938
1.0521
1.0781
1.1094
1.1146
1.0625
1.0312
1.0781
1.1094
1.0469
1.1146
1.0417
1.0625
1.0781
1.0625
1.0781
1.0625
1.0625
1.1562
1.2812
1.0625
1.0938
1.0625
1.0625
1.1250
1.0625
1.0781
1.0312
1.0417
1.0625
1.0781
1.0625
1.0625
1.1250
1.1250
1.0625
1.0312
1.0312
1.0938
1.0312
1.0625
1.0417
1.0625
1.0938
1.0417
1.0625
1.0781
1.0938
1.0625
1.0938
1.0781
1.0625
1.0521
1.0625
1.0469
1.1250
1.0625
1.0938
1.1172
1.1250
1.0938
1.0938
1.1250
1.0938
1.0312
1.1250
1.0312
1.0938
1.0938
1.0469
1.0312
1.0312
1.0625
1.0625
1.0625
1.0625
1.1250
1.0781
1.0625
1.0417
1.0312
1.1094
1.0938
1.0312
1.0312
1.0625
1.0312
1.0625
1.0938
1.0625
1.0781
1.0625
1.0964
1.0938
1.0312
1.0833
1.0938
1.0938
1.0000
1.0625
1.0938
1.0938
1.0312
1.0625
1.0625
1.0625
1.0625
1.0625
1.0312
1.0938
1.0312
1.0625
1.0312
1.0312
1.0938
1.1250
1.0833
1.0000
1.0312
1.0781
1.0625
1.0000
1.0625
1.0312
1.0729
1.0938
1.1562
1.0625
1.0625
1.0312
1.0625
1.0625
1.0938
1.0312
1.0625
1.0938
1.0312
1.0781
1.0938
1.0625
1.0625
1.0312
1.0938
1.0625
1.0625
1.0938
1.0000
1.0781
1.0625
1.0781
1.1250
1.0312
1.0625
1.0000
1.0312
1.0312
1.0312
1.0625
1.0625
1.0937
1.0312
1.0625
1.0312
1.1250
1.0312
1.0312
1.0625
1.0938
1.0938
1.0625
1.0938
1.0312
1.0781
1.0312
1.0312
1.0469
1.0312
1.0000
1.0312
1.0000
1.0625
1.0938
1.0312
1.0625
1.0312
1.0000
1.0000
1.0625
1.0312
1.0312
1.0312
1.0312
1.0312
1.0312
1.0938
1.0000
1.0599
1.0625
1.0312
1.0312
1.0625
1.0312
1.0625
1.0312
1.0625
1.0417
1.0312
1.0469
1.0000
1.0625
1.0000
1.0625
1.0312
1.1562
1.0000
1.0781
1.0312
1.0625
1.0938
1.1250
1.0312
1.0625
1.0625
1.0625
1.0312
1.0000
1.0312
1.0938
1.0312
1.0312
1.0312
1.0312
1.0312
1.0625
1.0625
1.0469
1.0625
1.0312
1.0312
1.0312
1.0417
1.0625
1.0312
1.0312
1.0000
1.0625
1.0938
1.0312
1.0469
1.0312
1.0312
1.0000
1.0312
1.0000
1.0625
1.0625
1.0625
1.0469
1.0312
1.1250
1.0312
1.0938
1.0469
1.0312
1.0625
1.0312
1.0312
1.0417
1.0625
1.0312
1.0625
1.1250
1.0000
1.0312
1.0625
1.0312
1.0938
1.0000
1.0000
1.0625
1.0000
1.0417
1.0312
1.0312
1.0312
1.0312
1.0000
1.0469
1.0625
1.0938
1.0625
1.0000
1.0312
1.0625
1.0781
1.0312
1.0625
1.0781
1.0000
1.0469
1.0417
1.0625
1.0625
1.0417
1.0312
1.0312
1.0312
1.0312
1.0312
1.0312
1.0625
1.1250
1.0312
1.0312
1.0312
1.0625
1.0000
1.0000
1.0312
1.0625
1.0312
1.0469
1.0312
1.0625
1.0781
1.0625
1.0312
1.0625
1.0625
1.0312
1.0000
1.0000
1.0417
1.0312
1.0312
1.0469
1.0938
1.0625
1.0312
1.0521
1.0625
1.0000
1.0312
1.0469
1.0312
1.0781
1.0938
1.0312
1.0312
1.0312
1.0417
1.0312
1.0312
1.0625
1.0000
1.0312
1.0000
1.0000
1.0312
1.0938
1.0000
1.0469
1.0469
1.0312
1.0000
1.0417
1.0417
1.0000
1.0677
1.0417
1.0625
1.0312
1.0521
1.0312
1.0000
1.0312
1.0469
1.0625
1.0000
1.0469
1.0312
1.0000
1.0312
1.0469
1.0625
1.0312
1.0625
1.0625
1.0312
1.0312
1.0312
1.0651
1.0312
1.0312
1.0312
1.0312
1.0312
1.0625
1.0000
1.0312
1.0000
1.0000
1.0312
1.0000
1.0312
1.0312
1.0312
1.0469
1.0312
1.0000
1.0312
1.0312
1.0000
1.0000
1.0312
1.0417
1.0469
1.0417
1.0000
1.0417
1.0000
1.0000
1.0000
1.0312
1.0312
1.0312
1.0000
1.0312
1.0625
1.0000
1.0000
1.0000
1.0312
1.0312
1.0312
1.0938
1.0000
1.0625
1.0625
1.0000
1.0417
1.0312
1.0312
1.0312
1.0312
1.0312
1.0417
1.0312
1.0312
1.0000
1.0000
1.0000
1.1250
1.0312
1.0469
1.0312
1.0312
1.0625
1.0312
1.0469
1.0469
1.0625
1.0417
1.0625
1.0312
1.0625
1.0625
1.0625
1.0000
1.0625
1.0312
1.0625
1.0312
1.0469
1.0625
1.0000
1.0312
1.0312
1.0312
1.0000
1.0312
1.0312
1.0781
1.0312
1.0625
1.0000
1.0312
1.0312
1.0625
1.0312
1.0625
1.0312
1.0312
1.0312
1.0312
1.0417
1.0312
1.0312
1.0000
1.0312
1.0312
1.0312
1.0312
1.0000
1.0312
1.0625
1.0625
1.0000
1.0312
1.0000
1.0625
1.0312
1.0312
1.0000
1.0781
1.0312
1.0312
1.0469
1.0312
1.0312
1.0000
1.0312
1.0312
1.0312
1.0417
1.0625
1.0000
1.0312
1.0000
1.0312
1.0469
1.0833
1.0000
1.0312
1.0000
1.0312
1.0312
1.0312
1.0312
1.0000
1.0312
1.0000
1.0000
1.0000
1.0000
1.0417
1.0312
1.0938
1.0000
1.0625
1.0625
1.0000
1.0000
1.0625
1.0312
1.0625
1.0312
1.0000
1.0312
1.0000
1.0312
1.0312
1.0312
1.0000
1.0625
1.0312
1.0312
1.0312
1.0312
1.0625
1.0312
1.0312
1.0417
1.0312
1.0312
1.0469
1.0312
1.0312
1.0000
1.0469
1.0000
1.0833
1.0000
1.0938
1.0000
1.0312
1.0312
1.0417
1.0625
1.0312
1.0312
1.0312
1.0000
1.0000
1.0417
1.0312
1.0625
1.0312
1.0312
1.0312
1.0469
1.0625
1.0000
1.0000
1.0312
1.0312
1.0000
1.0625
1.0312
1.0000
1.0000
1.0625
1.0312
1.0625
1.0000
1.0312
1.0000
1.0625
1.0625
1.0312
1.0312
1.0312
1.0625
1.0312
1.0312
1.0312
1.0312
1.0312
1.0312
1.0312
1.0469
1.0000
1.0312
1.0312
1.0312
1.0625
1.0000
1.0312
1.0417
1.0312
1.0000
1.0625
1.0312
1.0312
1.0312
1.0000
1.0312
1.0312
1.0312
1.0417
1.0312
1.0000
1.0312
1.0000
1.0312
1.0312
1.0000
1.0312
1.0000
1.0312
1.0312
1.0312
1.0000
1.0312
1.1250
1.0000
1.0000
1.0469
1.0312
1.0312
1.0312
1.0000
1.0000
1.0312
1.0000
1.0000
1.0000
1.0000
1.0000
1.0000
1.0000
1.0000
1.0312
1.0000
1.0000
1.0312
1.0000
1.0312
1.0312
1.0312
1.0312
1.0000
1.0000
1.0312
1.0000
1.0938
1.0000
1.0000
1.0625
1.0000
1.0000
1.0000
1.0312
1.0625
1.0000
1.0312
1.0312
1.0312
1.0000
1.0000
1.0312
1.0312
1.0573
1.0625
1.0312
1.0625
1.0000
1.0312
1.0625
1.0000
1.0000
1.0000
1.0000
1.0312
1.0000
1.0000
1.0000
1.0000
1.0312
1.0312
1.0000
1.0312
1.0938
1.1250
1.0000
1.0469
1.0000
1.0000
1.0000
1.0312
1.0000
1.0312
1.0312
1.0312
1.0000
1.0312
1.0312
1.0312
1.0312
1.0000
1.0625
1.0000
1.0312
1.0312
1.0312
1.0312
1.0000
1.0312
1.0000
1.0312
1.0000
1.0000
1.0000
1.0312
1.0625
1.0000
1.0312
1.0312
1.0000
1.0469
1.0312
1.0312
1.0000
1.0312
1.0312
1.0312
1.0312
1.0417
1.0312
1.0312
1.0000
1.0312
1.0312
1.0000
1.0000
1.0000
1.0000
1.0000
1.0312
1.0000
1.0312
1.0469
1.0000
1.0312
1.0625
1.0000
1.0469
1.0000
1.0312
1.0312
1.0312
1.0312
1.0000
1.0000
1.0000
1.0000
1.0312
1.0000
1.0000
1.0312
1.0469
1.0000
1.0000
1.0312
1.0000
1.0000
1.0312
1.0000
1.0417
1.0495
1.0000
1.0312
1.0312
1.0000
1.0000
1.0000
1.0312
1.0000
1.0000
1.0000
1.0312
1.0000
1.0000
1.0312
1.0312
1.0000
1.0312
1.0000
1.0000
1.0312
1.0312
1.0000
1.0000
1.0312
1.0625
1.0000
1.0312
1.0312
1.0312
1.0000
1.0521
1.0312
1.0312
1.0312
1.0312
1.0000
1.0000
1.0312
1.0000
1.0000
1.0000
1.0000
1.0312
1.0312
1.0312
1.0312
1.0625
1.0312
1.0312
1.0469
1.0000
1.0000
1.0000
1.0625
1.0000
1.0312
1.0000
1.0312
1.0000
1.0312
1.0312
1.0000
1.0000
1.0312
1.0312
1.0312
1.0000
1.0312
1.0000
1.0469
1.0312
1.0000
1.0000
1.0000
1.0000
1.0000
1.0312
1.0312
1.0000
1.0312
1.0312
1.0000
1.0625
1.0000
1.0312
1.0000
1.0312
1.0312
1.0312
1.0000
1.0000
1.0312
1.0000
1.0625
1.0000
1.0000
1.0312
1.0000
1.0000
1.0000
1.0000
1.0417
1.0000
1.0312
1.0312
1.0000
1.0312
1.0469
1.0000
1.0000
1.0312
1.0312
1.0000
1.0000
1.0000
1.0625
1.0469
1.0312
1.0000
1.0000
1.0000
1.0000
1.0312
1.0000
1.0312
1.0625
1.0000
1.0000
1.0000
1.0000
1.0312
1.0312
1.0312
1.0312
1.0000
1.0312
1.0312
1.0000
1.0000
1.0000
1.0312
1.0000
1.0625
1.0312
1.0000
1.0312
1.0312
1.0000
1.0000
1.0312
1.0312
1.0312
1.0312
1.0312
1.0312
1.0312
1.0000
1.0312
1.0000
1.0312
1.0000
1.0312
1.0312
1.0625
1.0312
1.0312
1.0312
1.0312
1.0000
1.0312
1.0312
1.0000
1.0000
1.0000
1.0312
1.0312
1.0312
1.0312
1.0000
1.0000
1.0000
1.0312
1.0000
1.0312
1.0312
1.0417
1.0312
1.0000
1.0312
1.0625
1.0312
1.0000
1.0417
1.0000
1.0312
1.0625
1.0000
1.0312
1.0000
1.0000
1.0312
1.0312
1.0000
1.0312
1.0312
1.0312
1.0469
1.0312
1.0312
1.0312
1.0625
1.0000
1.0000
1.0000
1.0312
1.0000
1.0000
1.0312
1.0312
1.0000
1.0000
1.0312
1.0312
1.0625
1.0312
1.0312
1.0625
1.0000
1.0000
1.0312
1.0625
1.0312
1.0000
1.0000
1.0000
1.0312
1.0417
1.0312
1.0000
1.0000
1.0312
1.0000
1.0312
1.0000
1.0000
1.0000
1.0312
1.0417
1.0000
1.0312
1.0625
1.0000
1.0000
1.0000
1.0312
1.0312
1.0312
1.0000
1.0312
1.0000
1.0000
1.0312
1.0000
1.0312
1.0000
1.0312
1.0312
1.0000
1.0000
1.0625
1.0312
1.0312
1.0000
1.0312
1.0000
1.0000
1.0312
1.0000
1.0312
1.0000
1.0312
1.0312
1.0312
1.0312
1.0000
1.0469
1.0312
1.0000
1.0000
1.0000
1.0000
1.0000
1.0312
1.0000
1.0312
1.0312
1.0000
1.0000
1.0000
1.0312
1.0000
1.0000
1.0000
1.0000
1.0312
1.0312
1.0312
1.0000
1.0312
1.0000
1.0312
1.0000
1.0000
1.0417
1.0000
1.0312
1.0000
1.0469
1.0000
1.0000
1.0312
1.0312
1.0312
1.0625
1.0000
1.0312
1.0312
1.0000
1.0312
1.0312
1.0000
1.0312
1.0000
1.0000
1.0312
1.0312
1.0312
1.0312
1.0312
1.0000
1.0312
1.0312
1.0312
1.0312
1.0417
1.0000
1.0000
1.0625
1.0312
1.0000
1.0312
1.0000
1.0000
1.0000
1.0312
1.0000
1.0000
1.0312
1.0000
1.0312
1.0312
1.0312
1.0000
1.0000
1.0312
1.0312
1.0312
1.0312
1.0625
1.0625
1.0000
1.0312
1.0000
1.0000
1.0312
1.0312
1.0312
1.0000
1.0312
1.0000
1.0312
1.0312
1.0312
1.0000
1.0000
1.0312
1.0312
1.0312
1.0000
1.0312
1.0000
1.0625
1.0312
1.0000
1.0312
1.0312
1.0312
1.0000
1.0312
1.0312
1.0000
1.0000
1.0312
1.0312
1.0000
1.0312
1.0312
1.0000
1.0000
1.0000
1.0312
1.0000
1.0312
1.0000
1.0312
1.0000
1.0000
1.0312
1.0312
1.0000
1.0000
1.0000
1.0000
1.0312
1.0000
1.0000
1.0000
1.0000
1.0312
1.0312
1.0000
1.0000
1.0000
1.0312
1.0000
1.0000
1.0625
1.0000
1.0312
1.0000
1.0000
1.0000
1.0312
1.0000
1.0000
1.0625
1.0000
1.0312
1.0000
1.0312
1.0000
1.0312
1.0938
1.0000
1.0312
1.0469
1.0312
1.0000
1.0312
1.0312
1.0312
1.0000
1.0312
1.0000
1.0000
1.0312
1.0312
1.0000
1.0000
1.0312
1.0000
1.0000
1.0000
1.0312
1.0625
1.0312
1.0000
1.0000
1.0417
1.0000
1.0000
1.0000
1.0312
1.0312
1.0469
1.0000
1.0000
1.0000
1.0000
1.0000
1.0000
1.0312
1.0000
1.0312
1.0312
1.0000
1.0312
1.0000
1.0000
1.0000
1.0312
1.0312
1.0000
1.0000
1.0000
1.0000
1.0312
1.0000
1.0938
1.0000
1.0312
1.0000
1.0000
1.0000
1.0000
1.0000
1.0000
1.0000
1.0000
1.0312
1.0000
1.0312
1.0000
1.0000
1.0000
1.0000
1.0000
1.0000
1.0312
1.0312
1.0000
1.0312
1.0312
1.0312
1.0000
1.0000
1.0312
1.0000
1.0000
1.0312
1.0000
1.0000
1.0312
1.0312
1.0000
1.0000
1.0312
1.0312
1.0000
1.0000
1.0000
1.0000
1.0000
1.0312
1.0000
1.0000
1.0312
1.0312
1.0000
1.0312
1.0312
1.0000
1.0000
1.0312
1.0000
1.0312
1.0000
1.0000
1.0312
1.0625
1.0312
1.0000
1.0312
1.0312
1.0000
1.0000
1.0000
1.0312
1.0000
1.0312
1.0000
1.0000
1.0312
1.0469
1.0000
1.0312
1.0312
1.0312
1.0000
1.0312
1.0625
1.0000
1.0000
1.0000
1.0000
1.0000
1.0000
1.0000
1.0000
1.0312
1.0312
1.0312
1.0000
1.0000
1.0312
1.0000
1.0000
1.0312
1.0625
1.0000
1.0000
1.0000
1.0312
1.0000
1.0312
1.0000
1.0312
1.0000
1.0312
1.0000
1.0000
1.0312
1.0000
1.0312
1.0000
1.0312
1.0312
1.0625
1.0312
1.0000
1.0312
1.0000
1.0000
1.0000
1.0625
1.0312
1.0000
1.0312
1.0000
1.0312
1.0000
1.0312
1.0000
1.0000
1.0312
1.0000
1.0312
1.0625
1.0312
1.0312
1.0469
1.0000
1.0312
1.0312
1.0312
1.0000
1.0000
1.0000
1.0000
1.0312
1.0000
1.0312
1.0000
1.0312
1.0000
1.0000
1.0000
1.0000
1.0469
1.0000
1.0312
1.0000
1.0000
1.0000
1.0000
1.0000
1.0312
1.0312
1.0000
1.0312
1.0000
1.0000
1.0000
1.0000
1.0312
1.0312
1.0000
1.0000
1.0312
1.0000
1.0312
1.0000
1.0000
1.0000
1.0000
1.0000
1.0469
1.0000
1.0000
1.0000
1.0312
1.0000
1.0312
1.0000
1.0000
1.0312
1.0312
1.0000
1.0000
1.0312
1.0312
1.0000
1.0000
1.0312
1.0000
1.0000
1.0000
1.0000
1.0000
1.0312
1.0312
1.0312
1.0000
1.0000
1.0469
1.0312
1.0000
1.0000
1.0000
1.0312
1.0312
1.0312
1.0312
1.0000
1.0000
1.0312
1.0000
1.0312
1.0000
1.0312
1.0000
1.0000
1.0000
1.0000
1.0000
1.0000
1.0469
1.0312
1.0312
1.0312
1.0000
1.0312
1.0000
1.0000
1.0312
1.0000
1.0000
1.0000
1.0312
1.0312
1.0000
1.0312
1.0000
1.0312
1.0000
1.0312
1.0000
1.0000
1.0000
1.0000
1.0312
1.0312
1.0312
1.0000
1.0312
1.0312
1.0000
1.0312
1.0312
1.0312
1.0312
1.0312
1.0312
1.0312
1.0000
1.0000
1.0000
1.0000
1.0312
1.0312
1.0000
1.0312
1.0000
1.0312
1.0000
1.0000
1.0000
1.0312
1.0312
1.0000
1.0000
1.0000
1.0000
1.0625
1.0000
1.0000
1.0000
1.0000
1.0312
1.0000
1.0000
1.0000
1.0312
1.0000
1.0000
1.0000
1.0000
1.0000
1.0312
1.0000
1.0000
1.0312
1.0312
1.0000
1.0000
1.0000
1.0312
1.0000
1.0312
1.0000
1.0000
1.0312
1.0000
1.0000
1.0000
1.0000
1.0000
1.0312
1.0000
1.0312
1.0000
1.0000
1.0000
1.0000
1.0312
1.0000
1.0000
1.0312
1.0000
1.0000
1.0000
1.0000
1.0312
1.0312
1.0312
1.0312
1.0312
1.0000
1.0312
1.0312
1.0000
1.0000
1.0000
1.0000
1.0312
1.0000
1.0312
1.0312
1.0000
1.0000
1.0312
1.0000
1.0000
1.0625
1.0312
1.0000
1.0000
1.0000
1.0000
1.0000
1.0000
1.0312
1.0000
1.0000
1.0000
1.0000
1.0000
1.0312
1.0000
1.0000
1.0000
1.0312
1.0000
1.0000
1.0000
1.0312
1.0000
1.0000
1.0000
1.0000
1.0625
1.0000
1.0000
1.0312
1.0000
1.0000
1.0312
1.0000
1.0000
1.0312
1.0312
1.0000
1.0000
1.0312
1.0000
1.0312
1.0000
1.0625
1.0000
1.0000
1.0312
1.0312
1.0312
1.0000
1.0000
1.0000
1.0312
1.0000
1.0000
1.0000
1.0000
1.0000
1.0000
1.0000
1.0000
1.0000
1.0000
1.0000
1.0000
1.0000
1.0000
1.0000
1.0000
1.0312
1.0312
1.0000
1.0312
1.0000
1.0312
1.0312
1.0000
1.0000
1.0625
1.0312
1.0000
1.0000
1.0312
1.0000
1.0312
1.0312
1.0312
1.0000
1.0000
1.0000
1.0312
1.0000
1.0000
