64.0000
32.4844
23.7891
17.9375
14.2109
11.5781
10.7917
9.0729
8.3359
7.7656
6.8672
6.4062
5.6458
5.8724
4.9583
5.0208
4.7333
4.4935
4.7438
4.1604
4.2094
3.5234
3.5456
3.6549
3.3138
3.1008
3.3138
3.1516
2.7958
3.0404
2.7658
2.9354
2.7708
2.6042
2.6888
2.4984
2.5438
2.9604
2.3802
2.6943
2.2734
2.1966
2.4344
2.6198
2.1667
2.5448
2.3385
2.3570
2.2305
2.1536
2.1656
2.1562
2.0000
2.2344
2.1042
1.9531
1.9297
1.8763
1.8258
1.8641
1.8594
1.7474
1.8578
1.8854
1.9479
1.5885
1.9688
1.9063
1.8125
1.7859
1.7448
1.8281
1.9375
1.6808
1.7391
1.7031
1.6510
1.6510
1.7138
1.8437
1.7359
1.6299
1.6454
1.6302
1.5088
1.5859
1.5859
1.5734
1.6172
1.5578
1.5781
1.5521
1.7500
1.6667
1.5273
1.5664
1.5781
1.5312
1.4844
1.3711
1.5625
1.4232
1.4336
1.6250
1.5104
1.4323
1.5000
1.6875
1.4141
1.4740
1.6250
1.3750
1.4872
1.5078
1.4656
1.5000
1.4531
1.3411
1.4688
1.4049
1.3294
1.4922
1.4557
1.3438
1.3086
1.3958
1.2812
1.3542
1.4844
1.4219
1.2734
1.3490
1.3802
1.3437
1.3073
1.3854
1.2953
1.3906
1.4000
1.3503
1.3438
1.3906
1.3125
1.3125
1.3828
1.3490
1.3698
1.2969
1.3125
1.3021
1.3594
1.3000
1.3922
1.3359
1.3281
1.4010
1.2708
1.3594
1.3281
1.1953
1.2747
1.3151
1.3313
1.3620
1.2266
1.2500
1.3906
1.3594
1.3984
1.3984
1.4531
1.2969
1.2609
1.2591
1.2656
1.2656
1.2760
1.2760
1.2656
1.2135
1.2109
1.2500
1.2891
1.2500
1.2969
1.2174
1.2500
1.2500
1.2812
1.3438
1.1953
1.2734
1.2188
1.1797
1.3047
1.2344
1.2448
1.2812
1.2292
1.2969
1.3438
1.1797
1.2656
1.2187
1.2500
1.1953
1.2409
1.1719
1.2266
1.2031
1.1927
1.2500
1.3281
1.2734
1.2760
1.2656
1.3125
1.2266
1.1589
1.2969
1.2891
1.2344
1.2188
1.1562
1.1875
1.1927
1.2969
1.2266
1.2240
1.2344
1.1654
1.1719
1.2266
1.1510
1.1797
1.1875
1.2031
1.1172
1.2422
1.1328
1.1797
1.2578
1.1562
1.1562
1.1703
1.1875
1.1510
1.2240
1.1615
1.2500
1.2422
1.2500
1.1562
1.2005
1.1875
1.2656
1.1406
1.1562
1.1719
1.1706
1.1484
1.1563
1.1927
1.1797
1.1562
1.2031
1.2057
1.2344
1.2188
1.2031
1.1094
1.1406
1.1654
1.1771
1.1797
1.1719
1.1719
1.1406
1.1875
1.1328
1.1562
1.2422
1.1602
1.1354
1.1094
1.2656
1.1094
1.1953
1.1823
1.2188
1.1719
1.1953
1.1719
1.2031
1.1562
1.1797
1.1784
1.2135
1.1562
1.1354
1.1250
1.1771
1.1510
1.1875
1.1667
1.1562
1.1641
1.1875
1.1562
1.1328
1.1250
1.1719
1.2031
1.1094
1.1719
1.1094
1.1406
1.1719
1.1719
1.1719
1.1328
1.1042
1.1172
1.1602
1.1875
1.1719
1.1875
1.1250
1.0859
1.1719
1.1953
1.0938
1.1406
1.1562
1.1328
1.1354
1.2031
1.1719
1.1172
1.1719
1.1406
1.1641
1.1391
1.1562
1.1354
1.1237
1.1562
1.1458
1.1172
1.1094
1.1094
1.1719
1.1406
1.1510
1.1042
1.1354
1.1302
1.1562
1.1719
1.1250
1.1875
1.1510
1.1250
1.1250
1.1094
1.1250
1.1172
1.0938
1.1484
1.1094
1.0938
1.0703
1.0859
1.1562
1.1250
1.1094
1.1172
1.1406
1.1094
1.1250
1.1406
1.1641
1.1016
1.1172
1.1406
1.1094
1.0938
1.0677
1.1562
1.1719
1.1510
1.1328
1.1250
1.1406
1.1328
1.1406
1.1562
1.0938
1.1250
1.1198
1.1250
1.1094
1.1328
1.1016
1.1719
1.1328
1.0938
1.1302
1.1016
1.0781
1.1250
1.1875
1.1422
1.0781
1.1406
1.1328
1.1250
1.1328
1.1406
1.1094
1.0781
1.1979
1.0938
1.1250
1.1016
1.1406
1.0833
1.1719
1.0938
1.0859
1.1042
1.0990
1.1510
1.1172
1.1172
1.1562
1.1302
1.1354
1.1094
1.0703
1.0755
1.0859
1.1250
1.0703
1.1562
1.0938
1.0703
1.0938
1.0938
1.0781
1.1094
1.1406
1.0625
1.1042
1.0938
1.1016
1.0703
1.1094
1.1719
1.0859
1.0859
1.0859
1.1250
1.0938
1.1172
1.0859
1.1016
1.1094
1.0990
1.1484
1.1094
1.1797
1.1172
1.1146
1.0885
1.0781
1.0859
1.0781
1.1094
1.0938
1.1172
1.0677
1.1563
1.1719
1.0781
1.1172
1.0859
1.1094
1.0938
1.0391
1.0547
1.1406
1.1016
1.1172
1.0938
1.1094
1.0625
1.0938
1.0938
1.1250
1.1719
1.0469
1.0625
1.0703
1.0625
1.1406
1.1094
1.0781
1.1016
1.1172
1.0859
1.0625
1.0859
1.0391
1.0938
1.1146
1.1641
1.0469
1.0938
1.1094
1.0833
1.1094
1.1094
1.0781
1.0938
1.0859
1.0312
1.0859
1.1406
1.0938
1.1094
1.0781
1.0990
1.0859
1.0625
1.0781
1.0781
1.0938
1.0469
1.0781
1.0781
1.0781
1.1250
1.0781
1.0781
1.0781
1.0781
1.0703
1.0938
1.1016
1.1562
1.0625
1.0781
1.0833
1.0625
1.0938
1.1094
1.0625
1.1042
1.0938
1.0938
1.0625
1.0000
1.0625
1.0469
1.1042
1.0938
1.0820
1.0781
1.0781
1.0781
1.1198
1.0625
1.0859
1.0938
1.0625
1.0859
1.0885
1.0938
1.0469
1.0938
1.0703
1.1198
1.0573
1.1562
1.0547
1.0625
1.0469
1.0703
1.1029
1.0990
1.0781
1.0625
1.0703
1.0781
1.0625
1.0781
1.0703
1.0625
1.1354
1.0781
1.0547
1.0781
1.0312
1.0625
1.0938
1.0625
1.0625
1.0781
1.0781
1.0938
1.0781
1.0781
1.0781
1.0938
1.1094
1.0703
1.1250
1.0391
1.1406
1.0859
1.1250
1.0703
1.1094
1.0703
1.0312
1.0781
1.0469
1.1328
1.1250
1.0938
1.0625
1.1016
1.0938
1.0625
1.1094
1.1172
1.0469
1.0781
1.0781
1.0885
1.0781
1.0859
1.0312
1.0469
1.0000
1.0781
1.0625
1.0781
1.0469
1.1172
1.0781
1.0521
1.0625
1.1406
1.0625
1.1250
1.1562
1.0469
1.0469
1.0547
1.0781
1.0703
1.0781
1.0859
1.0677
1.0703
1.0469
1.0469
1.0312
1.0833
1.1562
1.1042
1.0521
1.0938
1.0625
1.0781
1.0859
1.0938
1.0625
1.0312
1.0938
1.1094
1.0859
1.0781
1.0938
1.0312
1.0859
1.0625
1.0625
1.1250
1.0469
1.0625
1.0625
1.0625
1.0469
1.0703
1.0469
1.0469
1.0781
1.0625
1.0938
1.0312
1.0625
1.0469
1.0938
1.0312
1.0859
1.1250
1.0469
1.0833
1.0781
1.0703
1.0469
1.0469
1.0625
1.0703
1.1484
1.0469
1.0781
1.0625
1.0312
1.0469
1.0625
1.0781
1.0469
1.0547
1.0938
1.0312
1.0547
1.0781
1.0859
1.0781
1.0547
1.0781
1.1094
1.0990
1.0469
1.0703
1.0391
1.0625
1.0938
1.0625
1.0859
1.0625
1.0391
1.0312
1.0859
1.0391
1.0547
1.0547
1.0547
1.0781
1.0859
1.0521
1.0312
1.0312
1.0625
1.0938
1.0781
1.0312
1.0625
1.0469
1.0938
1.0469
1.0938
1.0000
1.0547
1.0703
1.0469
1.0625
1.0547
1.0781
1.0781
1.0625
1.0781
1.0625
1.0312
1.0391
1.0938
1.0312
1.0703
1.0781
1.0625
1.0781
1.0781
1.1016
1.1016
1.0625
1.0625
1.0469
1.0312
1.0547
1.0938
1.0469
1.0781
1.0938
1.0469
1.0312
1.0781
1.0625
1.0625
1.0625
1.0938
1.0234
1.0469
1.0729
1.0391
1.0312
1.0625
1.0391
1.0625
1.0573
1.0781
1.0781
1.0625
1.0625
1.0625
1.0703
1.0781
1.0781
1.0391
1.0625
1.0729
1.0677
1.0938
1.0625
1.0625
1.0312
1.0469
1.0703
1.0469
1.0156
1.0703
1.0677
1.1094
1.0625
1.0781
1.0625
1.0625
1.0469
1.0703
1.0469
1.0547
1.0938
1.0625
1.0000
1.0312
1.0547
1.0312
1.0391
1.0547
1.0781
1.0391
1.1094
1.0781
1.0417
1.0391
1.0469
1.0469
1.0469
1.0781
1.0469
1.0547
1.0312
1.0677
1.0312
1.0312
1.0547
1.0625
1.0469
1.0312
1.0312
1.0938
1.0938
1.0781
1.0781
1.0625
1.0547
1.0781
1.0391
1.0781
1.0625
1.0312
1.0391
1.0312
1.0781
1.0469
1.0625
1.0625
1.0859
1.0312
1.0469
1.0625
1.0469
1.0000
1.0469
1.0625
1.0625
1.0625
1.0781
1.0547
1.0469
1.0625
1.0625
1.0391
1.0312
1.0625
1.0781
1.0703
1.0625
1.0234
1.0469
1.0312
1.0391
1.0469
1.0469
1.0781
1.0156
1.0469
1.0703
1.0781
1.0625
1.0469
1.0625
1.0469
1.0625
1.0469
1.0469
1.0573
1.0625
1.0312
1.0391
1.0573
1.0312
1.0469
1.0625
1.0625
1.0469
1.1094
1.0391
1.0938
1.0625
1.0625
1.0469
1.0625
1.0729
1.0547
1.0000
1.0703
1.0469
1.0312
1.0000
1.0625
1.0469
1.0469
1.0312
1.0312
1.1094
1.0938
1.0000
1.0312
1.0391
1.0521
1.0781
1.0469
1.0469
1.0469
1.0391
1.0625
1.0312
1.0312
1.0703
1.0312
1.0469
1.0781
1.0312
1.0469
1.0312
1.0469
1.0000
1.0625
1.0677
1.0547
1.0781
1.0312
1.0469
1.0469
1.0625
1.0234
1.0156
1.0521
1.0234
1.0625
1.0781
1.0391
1.0625
1.0547
1.0938
1.0781
1.0234
1.0391
1.0234
1.0625
1.0234
1.0312
1.0469
1.0156
1.0312
1.0547
1.0781
1.0391
1.0625
1.0625
1.0625
1.0625
1.0703
1.0938
1.0469
1.0312
1.0312
1.0312
1.0469
1.0547
1.0469
1.0625
1.0469
1.0547
1.0677
1.0312
1.0469
1.0469
1.0781
1.0547
1.0625
1.0391
1.0469
1.0625
1.0547
1.0938
1.0625
1.0156
1.0469
1.0391
1.0469
1.0625
1.0729
1.0391
1.0547
1.0000
1.0234
1.0625
1.0469
1.0156
1.0312
1.0469
1.0781
1.0469
1.0312
1.0312
1.0547
1.0234
1.0312
1.0547
1.0312
1.0781
1.0312
1.0156
1.0625
1.0625
1.0625
1.0469
1.0573
1.0312
1.0312
1.0781
1.0469
1.0664
1.0312
1.0312
1.0391
1.0781
1.0781
1.0391
1.0312
1.0469
1.0391
1.0859
1.0312
1.0469
1.0625
1.0521
1.0469
1.0312
1.0234
1.0833
1.0391
1.0625
1.0000
1.0000
1.0469
1.0781
1.0312
1.0312
1.0469
1.0469
1.0312
1.0469
1.0156
1.0312
1.0703
1.0312
1.0391
1.0781
1.0469
1.0312
1.0312
1.0000
1.0625
1.0469
1.0703
1.0938
1.0469
1.0312
1.0729
1.0729
1.0000
1.0547
1.0000
1.0000
1.0469
1.0469
1.0625
1.0312
1.0677
1.0312
1.0000
1.0312
1.0469
1.0625
1.0469
1.0312
1.0000
1.0625
1.0000
1.0312
1.0469
1.0547
1.0000
1.0312
1.0312
1.1094
1.0312
1.0469
1.0391
1.0625
1.0469
1.0469
1.0000
1.0234
1.0312
1.0859
1.0312
1.0469
1.0625
1.0312
1.0625
1.0312
1.0156
1.0312
1.0781
1.0469
1.0781
1.0312
1.0312
1.0469
1.0781
1.0469
1.0312
1.0469
1.0000
1.0156
1.0312
1.1094
1.0469
1.0000
1.0312
1.0312
1.0312
1.0625
1.0391
1.0312
1.0234
1.0260
1.0469
1.0156
1.0625
1.0781
1.0469
1.0000
1.0469
1.0781
1.0312
1.0781
1.0469
1.0234
1.0156
1.0312
1.0781
1.0469
1.0625
1.0625
1.0469
1.0312
1.0312
1.0469
1.0547
1.0625
1.0391
1.0000
1.0312
1.0625
1.0312
1.0469
1.0469
1.0312
1.0469
1.0312
1.0469
1.0391
1.0469
1.0469
1.0000
1.0312
1.0469
1.0625
1.0625
1.0469
1.0469
1.0625
1.1094
1.0312
1.0469
1.0469
1.0469
1.0391
1.0312
1.0312
1.0156
1.0938
1.0469
1.0312
1.0312
1.0312
1.0781
1.0312
1.0312
1.0469
1.0000
1.0469
1.0625
1.0312
1.0234
1.0000
1.0000
1.0469
1.0677
1.0312
1.0156
1.0469
1.0547
1.0469
1.0469
1.0234
1.0547
1.0234
1.0625
1.0469
1.0391
1.0312
1.0312
1.0469
1.0000
1.0156
1.0312
1.0312
1.0312
1.0625
1.0938
1.0312
1.0547
1.0625
1.0547
1.0312
1.0312
1.0000
1.0234
1.0000
1.0000
1.0703
1.0625
1.0156
1.0469
1.0625
1.0469
1.0625
1.0469
1.0234
1.0547
1.0234
1.0000
1.0000
1.0703
1.0469
1.0547
1.0234
1.0312
1.0391
1.0000
1.0156
1.0234
1.0312
1.0234
1.0469
1.0469
1.0000
1.0312
1.0469
1.0156
1.0625
1.0625
1.0312
1.0573
1.0469
1.0156
1.0625
1.0547
1.0469
1.0156
1.0938
1.0312
1.0156
1.0312
1.0312
1.0469
1.0156
1.0469
1.0781
1.0000
1.0312
1.0469
1.0625
1.0000
1.0625
1.0312
1.0469
1.0000
1.0469
1.0469
1.0625
1.0000
1.0469
1.0469
1.0469
1.0000
1.0312
1.0469
1.0312
1.0859
1.0000
1.0312
1.0312
1.0391
1.0000
1.0469
1.0312
1.0312
1.0469
1.0469
1.0312
1.0312
1.0469
1.0391
1.0156
1.0156
1.0469
1.0547
1.0469
1.0312
1.0547
1.0469
1.0391
1.0000
1.0469
1.0469
1.0469
1.0469
1.0156
1.0156
1.0469
1.0312
1.0469
1.0781
1.0391
1.0312
1.0312
1.0625
1.0469
1.0312
1.0469
1.0469
1.0391
1.0156
1.0391
1.0156
1.0859
1.0625
1.0391
1.0625
1.0469
1.0469
1.0547
1.0469
1.0469
1.0234
1.0312
1.0469
1.0781
1.0547
1.0312
1.0000
1.0000
1.0625
1.0469
1.0312
1.0312
1.0000
1.0312
1.0234
1.0156
1.0312
1.0000
1.0469
1.0469
1.0625
1.0391
1.0469
1.0312
1.0156
1.0156
1.0156
1.0156
1.0312
1.0312
1.0625
1.0312
1.0000
1.0312
1.0312
1.0391
1.0312
1.0469
1.0469
1.0234
1.0000
1.0156
1.0469
1.0625
1.0234
1.0469
1.0625
1.0000
1.0312
1.0312
1.0312
1.0625
1.0391
1.0312
1.0312
1.0312
1.0625
1.0469
1.0000
1.0312
1.0156
1.0000
1.0312
1.0156
1.0391
1.0469
1.0000
1.0312
1.0312
1.0312
1.0156
1.0312
1.0625
1.0234
1.0312
1.0391
1.0312
1.0469
1.0312
1.0312
1.0312
1.0703
1.0391
1.0156
1.0234
1.0469
1.0000
1.0000
1.0469
1.0469
1.0312
1.0469
1.0391
1.0156
1.0391
1.0469
1.0000
1.0469
1.0000
1.0469
1.0469
1.0391
1.0312
1.0781
1.0469
1.0312
1.0547
1.0312
1.0000
1.0469
1.0312
1.0156
1.0234
1.0469
1.0469
1.0000
1.0312
1.0312
1.0234
1.0391
1.0312
1.0312
1.0312
1.0156
1.0469
1.0312
1.0312
1.0469
1.0391
1.0156
1.0469
1.0156
1.0469
1.0156
1.0312
1.0312
1.0312
1.0000
1.0234
1.0312
1.0469
1.0312
1.0312
1.0312
1.0312
1.0312
1.0312
1.0156
1.0391
1.0469
1.0625
1.0469
1.0312
1.0547
1.0417
1.0312
1.0391
1.0469
1.0312
1.0625
1.0000
1.0469
1.0312
1.0469
1.0312
1.0391
1.0469
1.0000
1.0000
1.0156
1.0312
1.0625
1.0312
1.0156
1.0625
1.0547
1.0312
1.0469
1.0000
1.0312
1.0469
1.0391
1.0312
1.0312
1.0469
1.0000
1.0312
1.0625
1.0469
1.0312
1.0000
1.0312
1.0469
1.0312
1.0469
1.0312
1.0547
1.0312
1.0156
1.0312
1.0312
1.0000
1.0000
1.0469
1.0156
1.0312
1.0312
1.0234
1.0312
1.0156
1.0156
1.0000
1.0312
1.0000
1.0391
1.0000
1.0312
1.0469
1.0391
1.0000
1.0521
1.0469
1.0312
1.0000
1.0000
1.0312
1.0156
1.0312
1.0156
1.0000
1.0312
1.0312
1.0312
1.0312
1.0000
1.0312
1.0521
1.0312
1.0312
1.0312
1.0312
1.0312
1.0312
1.0469
1.0000
1.0156
1.0156
1.0625
1.0312
1.0312
1.0625
1.0312
1.0312
1.0312
1.0469
1.0234
1.0625
1.0000
1.0000
1.0625
1.0469
1.0391
1.0156
1.0312
1.0234
1.0156
1.0234
1.0469
1.0312
1.0312
1.0000
1.0312
1.0312
1.0312
1.0312
1.0391
1.0000
1.0156
1.0391
1.0312
1.0312
1.0312
1.0547
1.0469
1.0391
1.0469
1.0312
1.0469
1.0312
1.0312
1.0312
1.0312
1.0000
1.0156
1.0156
1.0156
1.0312
1.0312
1.0234
1.0781
1.0156
1.0469
1.0469
1.0000
1.0312
1.0000
1.0000
1.0469
1.0156
1.0781
1.0000
1.0391
1.0391
1.0156
1.0938
1.0000
1.0312
1.0156
1.0000
1.0547
1.0156
1.0938
1.0312
1.0781
1.0469
1.0312
1.0000
1.0312
1.0000
1.0000
1.0234
1.0391
1.0000
1.0312
1.0312
1.0391
1.0312
1.0000
1.0000
1.0234
1.0312
1.0312
1.0312
1.0000
1.0234
1.0000
1.0156
1.0312
1.0312
1.0312
1.0000
1.0312
1.0156
1.0312
1.0312
1.0469
1.0469
1.0156
1.0234
1.0312
1.0234
1.0469
1.0000
1.0000
1.0391
1.0469
1.0156
1.0000
1.0312
1.0312
1.0000
1.0000
1.0469
1.0469
1.0312
1.0312
1.0156
1.0625
1.0625
1.0234
1.0469
1.0391
1.0312
1.0000
1.0469
1.0000
1.0000
1.0156
1.0000
1.0312
1.0312
1.0469
1.0469
1.0156
1.0312
1.0156
1.0312
1.0156
1.0156
1.0234
1.0000
1.0000
1.0000
1.0312
1.0391
1.0234
1.0000
1.0312
1.0312
1.0000
1.0234
1.0000
1.0312
1.0547
1.0156
1.0312
1.0312
1.0234
1.0000
1.0234
1.0312
1.0312
1.0156
1.0000
1.0156
1.0469
1.0547
1.0312
1.0312
1.0391
1.0156
1.0000
1.0312
1.0000
1.0156
1.0000
1.0000
1.0000
1.0312
1.0312
1.0234
1.0000
1.0469
1.0000
1.0156
1.0156
1.0000
1.0547
1.0312
1.0312
1.0469
1.0156
1.0156
1.0156
1.0000
1.0391
1.0000
1.0469
1.0312
1.0391
1.0391
1.0312
1.0417
1.0156
1.0312
1.0000
1.0000
1.0312
1.0312
1.0312
1.0234
1.0000
1.0312
1.0234
1.0000
1.0000
1.0156
1.0312
1.0000
1.0000
1.0312
1.0000
1.0000
1.0391
1.0312
1.0000
1.0312
1.0156
1.0625
1.0000
1.0312
1.0469
1.0312
1.0391
1.0156
1.0234
1.0312
1.0312
1.0469
1.0312
1.0000
1.0469
1.0000
1.0000
1.0391
1.0312
1.0312
1.0312
1.0000
1.0000
1.0312
1.0312
1.0156
1.0625
1.0000
1.0391
1.0312
1.0312
1.0469
1.0469
1.0156
1.0312
1.0156
1.0000
1.0312
1.0000
1.0469
1.0000
1.0312
1.0469
1.0312
1.0000
1.0469
1.0156
1.0469
1.0625
1.0156
1.0000
1.0312
1.0312
1.0469
1.0156
1.0000
1.0625
1.0312
1.0000
1.0312
1.0000
1.0312
1.0312
1.0156
1.0312
1.0312
1.0234
1.0391
1.0312
1.0234
1.0000
1.0469
1.0312
1.0000
1.0000
1.0312
1.0156
1.0156
1.0000
1.0312
1.0000
1.0312
1.0000
1.0391
1.0000
1.0625
1.0000
1.0000
1.0312
1.0469
1.0234
1.0156
1.0312
1.0391
1.0000
1.0000
1.0312
1.0234
1.0469
1.0000
1.0000
1.0156
1.0469
1.0000
1.0000
1.0156
1.0312
1.0234
1.0234
1.0000
1.0312
1.0000
1.0391
1.0156
1.0156
1.0312
1.0156
1.0000
1.0469
1.0000
1.0312
1.0000
1.0000
1.0312
1.0312
1.0391
1.0312
1.0312
1.0312
1.0312
1.0000
1.0312
1.0156
1.0391
1.0312
1.0000